0.0 0.9999855 1.4470282e-05
1.0 0.99998504 1.489426e-05
2.0 0.99998456 1.5328511e-05
3.0 0.999984 1.5772192e-05
4.0 0.99998355 1.6224414e-05
5.0 0.9999831 1.668424e-05
6.0 0.9999827 1.715069e-05
7.0 0.9999821 1.7622755e-05
8.0 0.9999815 1.8099363e-05
9.0 0.9999812 1.8579436e-05
10.0 0.9999805 1.906183e-05
11.0 0.99998003 1.9545394e-05
12.0 0.9999794 2.0028936e-05
13.0 0.99997914 2.0511226e-05
14.0 0.99997854 2.0991043e-05
15.0 0.99997807 2.1467105e-05
16.0 0.99997765 2.1938138e-05
17.0 0.9999771 2.2402852e-05
18.0 0.9999767 2.285993e-05
19.0 0.99997616 2.3308057e-05
20.0 0.9999757 2.374591e-05
21.0 0.9999753 2.4172175e-05
22.0 0.99997485 2.4585528e-05
23.0 0.99997455 2.4984667e-05
24.0 0.99997413 2.5368283e-05
25.0 0.99997365 2.5735097e-05
26.0 0.99997354 2.6083833e-05
27.0 0.9999731 2.641325e-05
28.0 0.9999728 2.6722139e-05
29.0 0.9999724 2.7009306e-05
30.0 0.9999721 2.7273603e-05
31.0 0.9999719 2.7513921e-05
32.0 0.99997175 2.7729195e-05
33.0 0.9999715 2.79184e-05
34.0 0.9999714 2.8080573e-05
35.0 0.99997115 2.82148e-05
36.0 0.99997103 2.8320226e-05
37.0 0.9999709 2.8396067e-05
38.0 0.9999708 2.8441598e-05
39.0 0.99997056 2.845617e-05
40.0 0.9999707 2.8439204e-05
41.0 0.9999707 2.8390205e-05
42.0 0.99997085 2.8308756e-05
43.0 0.9999708 2.8194521e-05
44.0 0.99997085 2.8047254e-05
45.0 0.99997115 2.786681e-05
46.0 0.9999713 2.7653114e-05
47.0 0.9999714 2.7406199e-05
48.0 0.99997157 2.7126196e-05
49.0 0.9999718 2.6813334e-05
50.0 0.9999721 2.646793e-05
51.0 0.9999725 2.609042e-05
52.0 0.99997294 2.5681346e-05
53.0 0.99997324 2.524133e-05
54.0 0.99997383 2.4771118e-05
55.0 0.99997413 2.4271554e-05
56.0 0.9999747 2.3743589e-05
57.0 0.9999752 2.3188282e-05
58.0 0.99997574 2.2606784e-05
59.0 0.9999764 2.2000364e-05
60.0 0.999977 2.1370386e-05
61.0 0.99997765 2.0718311e-05
62.0 0.9999783 2.0045707e-05
63.0 0.999979 1.935423e-05
64.0 0.9999797 1.8645625e-05
65.0 0.9999803 1.7921753e-05
66.0 0.99998105 1.7184535e-05
67.0 0.99998176 1.6435994e-05
68.0 0.9999825 1.567822e-05
69.0 0.9999832 1.4913394e-05
70.0 0.9999838 1.4143769e-05
71.0 0.9999846 1.3371652e-05
72.0 0.9999852 1.2599421e-05
73.0 0.9999862 1.18295175e-05
74.0 0.9999869 1.1064426e-05
75.0 0.99998766 1.0306681e-05
76.0 0.9999884 9.5588575e-06
77.0 0.99998915 8.823565e-06
78.0 0.99998975 8.103437e-06
79.0 0.9999905 7.4011414e-06
80.0 0.9999912 6.7193414e-06
81.0 0.9999918 6.0607213e-06
82.0 0.9999925 5.4279617e-06
83.0 0.9999931 4.8237303e-06
84.0 0.99999356 4.250688e-06
85.0 0.999994 3.7114696e-06
86.0 0.9999945 3.2086814e-06
87.0 0.99999505 2.7448907e-06
88.0 0.9999956 2.3226153e-06
89.0 0.9999958 1.9443276e-06
90.0 0.9999961 1.6124347e-06
91.0 0.99999636 1.3292731e-06
92.0 0.99999666 1.097106e-06
93.0 0.9999969 9.181099e-07
94.0 0.9999969 7.9437035e-07
95.0 0.9999969 7.278703e-07
96.0 0.9999969 7.2049136e-07
97.0 0.9999969 7.7399795e-07
98.0 0.99999666 8.900338e-07
99.0 0.99999654 1.0701142e-06
100.0 0.9999962 1.315622e-06
101.0 0.9999959 1.6277967e-06
102.0 0.99999535 2.0077352e-06
103.0 0.999995 2.4563797e-06
104.0 0.9999944 2.9745142e-06
105.0 0.9999937 3.5627609e-06
106.0 0.999993 4.2215715e-06
107.0 0.99999225 4.9512328e-06
108.0 0.9999914 5.7518528e-06
109.0 0.9999906 6.6233542e-06
110.0 0.9999896 7.565487e-06
111.0 0.99998856 8.5778165e-06
112.0 0.9999875 9.659707e-06
113.0 0.9999863 1.0810354e-05
114.0 0.999985 1.2028748e-05
115.0 0.99998367 1.3313707e-05
116.0 0.9999822 1.4663837e-05
117.0 0.9999807 1.6077574e-05
118.0 0.9999794 1.755316e-05
119.0 0.9999778 1.9088642e-05
120.0 0.99997616 2.0681888e-05
121.0 0.9999745 2.2330587e-05
122.0 0.9999729 2.4032252e-05
123.0 0.99997115 2.5784204e-05
124.0 0.99996924 2.7583625e-05
125.0 0.99996746 2.9427487e-05
126.0 0.99996555 3.131264e-05
127.0 0.99996364 3.3235767e-05
128.0 0.99996173 3.5193414e-05
129.0 0.9999597 3.7181962e-05
130.0 0.9999576 3.9197665e-05
131.0 0.99995565 4.1236686e-05
132.0 0.99995357 4.329504e-05
133.0 0.9999515 4.536865e-05
134.0 0.9999495 4.7453323e-05
135.0 0.9999472 4.9544804e-05
136.0 0.99994516 5.163873e-05
137.0 0.99994326 5.3730724e-05
138.0 0.999941 5.58163e-05
139.0 0.9999389 5.7890968e-05
140.0 0.9999368 5.9950165e-05
141.0 0.9999348 6.198937e-05
142.0 0.99993277 6.400398e-05
143.0 0.9999307 6.598947e-05
144.0 0.99992853 6.794129e-05
145.0 0.99992675 6.9854956e-05
146.0 0.9999249 7.172598e-05
147.0 0.99992305 7.3549985e-05
148.0 0.9999213 7.5322634e-05
149.0 0.99991953 7.7039644e-05
150.0 0.99991775 7.8696925e-05
151.0 0.9999163 8.029039e-05
152.0 0.99991477 8.1816164e-05
153.0 0.99991333 8.327045e-05
154.0 0.99991214 8.464965e-05
155.0 0.9999107 8.595025e-05
156.0 0.9999095 8.716901e-05
157.0 0.99990845 8.83028e-05
158.0 0.9999074 8.9348716e-05
159.0 0.9999065 9.030409e-05
160.0 0.9999056 9.1166454e-05
161.0 0.9999049 9.19335e-05
162.0 0.99990416 9.2603324e-05
163.0 0.99990356 9.3174094e-05
164.0 0.99990296 9.364436e-05
165.0 0.9999026 9.401288e-05
166.0 0.99990237 9.427871e-05
167.0 0.99990207 9.4441195e-05
168.0 0.9999021 9.449993e-05
169.0 0.999902 9.445484e-05
170.0 0.9999022 9.4306124e-05
171.0 0.99990237 9.405433e-05
172.0 0.9999027 9.370028e-05
173.0 0.99990314 9.3245064e-05
174.0 0.99990374 9.269017e-05
175.0 0.99990433 9.203734e-05
176.0 0.9999052 9.1288624e-05
177.0 0.999906 9.044638e-05
178.0 0.999907 8.951337e-05
179.0 0.999908 8.849254e-05
180.0 0.99990904 8.738718e-05
181.0 0.9999103 8.62009e-05
182.0 0.99991155 8.493764e-05
183.0 0.99991274 8.360142e-05
184.0 0.99991417 8.219686e-05
185.0 0.9999156 8.072861e-05
186.0 0.99991715 7.9201694e-05
187.0 0.99991864 7.762136e-05
188.0 0.99992025 7.599308e-05
189.0 0.9999219 7.432263e-05
190.0 0.9999236 7.2615876e-05
191.0 0.99992543 7.08791e-05
192.0 0.99992704 6.911856e-05
193.0 0.99992883 6.734087e-05
194.0 0.99993056 6.555265e-05
195.0 0.9999324 6.37608e-05
196.0 0.9999342 6.1972314e-05
197.0 0.999936 6.0194314e-05
198.0 0.99993765 5.8433983e-05
199.0 0.99993944 5.6698624e-05
200.0 0.9999413 5.4995588e-05
201.0 0.9999429 5.3332304e-05
202.0 0.9999443 5.1716208e-05
203.0 0.99994594 5.015474e-05
204.0 0.9999474 4.865537e-05
205.0 0.9999489 4.722547e-05
206.0 0.99995023 4.5872424e-05
207.0 0.99995154 4.460354e-05
208.0 0.99995255 4.3426e-05
209.0 0.9999537 4.2346946e-05
210.0 0.9999549 4.137332e-05
211.0 0.9999556 4.051198e-05
212.0 0.99995625 3.9769548e-05
213.0 0.99995685 3.91525e-05
214.0 0.9999573 3.866716e-05
215.0 0.99995756 3.831955e-05
216.0 0.9999577 3.81155e-05
217.0 0.9999579 3.8060574e-05
218.0 0.9999578 3.8160033e-05
219.0 0.9999575 3.8418897e-05
220.0 0.9999571 3.8841816e-05
221.0 0.9999564 3.9433184e-05
222.0 0.99995565 4.0197e-05
223.0 0.9999547 4.1137e-05
224.0 0.9999537 4.225647e-05
225.0 0.9999524 4.3558364e-05
226.0 0.9999509 4.504522e-05
227.0 0.9999492 4.6719193e-05
228.0 0.99994725 4.8582107e-05
229.0 0.99994516 5.0635274e-05
230.0 0.9999428 5.287962e-05
231.0 0.99994063 5.531568e-05
232.0 0.9999379 5.794355e-05
233.0 0.99993515 6.0762864e-05
234.0 0.99993205 6.3772786e-05
235.0 0.9999289 6.697215e-05
236.0 0.99992555 7.035928e-05
237.0 0.999922 7.393206e-05
238.0 0.9999181 7.768802e-05
239.0 0.99991417 8.162415e-05
240.0 0.99991006 8.5737134e-05
241.0 0.9999057 9.002317e-05
242.0 0.9999013 9.447797e-05
243.0 0.9998966 9.9097015e-05
244.0 0.9998918 0.00010387529
245.0 0.9998869 0.000108807435
246.0 0.99988186 0.00011388773
247.0 0.9998767 0.00011911007
248.0 0.9998714 0.00012446794
249.0 0.9998659 0.00012995466
250.0 0.9998602 0.00013556314
251.0 0.99985445 0.000141286
252.0 0.9998486 0.00014711569
253.0 0.9998427 0.00015304436
254.0 0.9998366 0.00015906377
255.0 0.9998305 0.00016516588
256.0 0.9998244 0.00017134198
257.0 0.9998182 0.00017758361
258.0 0.9998119 0.0001838819
259.0 0.9998057 0.00019022805
260.0 0.999799 0.00019661305
261.0 0.9997926 0.00020302786
262.0 0.9997863 0.00020946364
263.0 0.99977976 0.0002159113
264.0 0.9997733 0.0002223619
265.0 0.99976695 0.00022880649
266.0 0.9997605 0.00023523615
267.0 0.9997541 0.00024164242
268.0 0.99974763 0.00024801667
269.0 0.9997414 0.0002543506
270.0 0.9997351 0.00026063615
271.0 0.9997289 0.00026686536
272.0 0.99972266 0.00027303083
273.0 0.9997166 0.00027912526
274.0 0.99971044 0.0002851417
275.0 0.9997045 0.00029107393
276.0 0.99969876 0.00029691562
277.0 0.9996928 0.00030266133
278.0 0.9996872 0.00030830596
279.0 0.9996817 0.00031384506
280.0 0.99967635 0.00031927443
281.0 0.999671 0.00032459074
282.0 0.9996656 0.0003297914
283.0 0.9996606 0.0003348741
284.0 0.9996556 0.00033983748
285.0 0.99965066 0.00034468094
286.0 0.99964595 0.0003494046
287.0 0.9996414 0.00035400927
288.0 0.99963695 0.00035849685
289.0 0.9996325 0.00036286982
290.0 0.99962837 0.00036713175
291.0 0.99962413 0.00037128737
292.0 0.99962 0.00037534192
293.0 0.999616 0.0003793019
294.0 0.9996123 0.00038317486
295.0 0.99960846 0.00038696948
296.0 0.99960464 0.00039069547
297.0 0.99960095 0.0003943637
298.0 0.9995974 0.00039798627
299.0 0.99959385 0.00040157646
300.0 0.99959016 0.0004051489
301.0 0.9995866 0.0004087193
302.0 0.999583 0.00041230497
303.0 0.9995794 0.00041592465
304.0 0.9995756 0.00041959816
305.0 0.99957186 0.00042334673
306.0 0.99956816 0.00042719388
307.0 0.99956393 0.00043116367
308.0 0.99955994 0.00043528233
309.0 0.99955547 0.00043957718
310.0 0.99955106 0.00044407815
311.0 0.99954623 0.0004488159
312.0 0.9995413 0.00045382313
313.0 0.99953604 0.0004591346
314.0 0.99953043 0.00046478672
315.0 0.9995242 0.00047081747
316.0 0.9995178 0.00047726743
317.0 0.99951077 0.00048417883
318.0 0.99950325 0.00049159536
319.0 0.99949527 0.0004995639
320.0 0.9994867 0.00050813257
321.0 0.9994776 0.00051735254
322.0 0.9994675 0.00052727596
323.0 0.99945676 0.0005379587
324.0 0.9994454 0.00054945814
325.0 0.99943304 0.0005618341
326.0 0.99941957 0.0005751492
327.0 0.99940515 0.00058946805
328.0 0.99938977 0.0006048586
329.0 0.9993733 0.0006213917
330.0 0.9993556 0.0006391393
331.0 0.9993366 0.0006581775
332.0 0.999316 0.00067858526
333.0 0.99929416 0.0007004442
334.0 0.9992708 0.00072383846
335.0 0.99924564 0.0007488554
336.0 0.9992189 0.0007755865
337.0 0.9991904 0.00080412533
338.0 0.99915993 0.00083456846
339.0 0.9991274 0.0008670169
340.0 0.99909294 0.0009015745
341.0 0.999056 0.0009383484
342.0 0.99901694 0.0009774492
343.0 0.9989754 0.0010189912
344.0 0.9989313 0.0010630921
345.0 0.99888444 0.0011098743
346.0 0.9988347 0.001159463
347.0 0.99878204 0.0012119864
348.0 0.9987266 0.0012675789
349.0 0.9986678 0.0013263765
350.0 0.9986056 0.0013885195
351.0 0.9985399 0.0014541538
352.0 0.99847066 0.0015234274
353.0 0.9983976 0.0015964932
354.0 0.99832046 0.0016735087
355.0 0.9982394 0.0017546349
356.0 0.9981539 0.0018400362
357.0 0.9980641 0.0019298827
358.0 0.9979695 0.0020243477
359.0 0.99787027 0.0021236101
360.0 0.99776596 0.00222785
361.0 0.99765646 0.0023372537
362.0 0.9975418 0.0024520135
363.0 0.9974214 0.0025723227
364.0 0.9972954 0.0026983798
365.0 0.9971633 0.0028303878
366.0 0.9970252 0.002968554
367.0 0.9968806 0.0031130896
368.0 0.9967295 0.0032642093
369.0 0.99657154 0.003422132
370.0 0.99640656 0.003587081
371.0 0.9962343 0.0037592833
372.0 0.99605453 0.0039389697
373.0 0.99586713 0.004126374
374.0 0.9956718 0.0043217354
375.0 0.9954684 0.0045252927
376.0 0.99525625 0.0047372943
377.0 0.9950354 0.0049579856
378.0 0.9948059 0.0051876195
379.0 0.99456704 0.005426454
380.0 0.99431866 0.00567474
381.0 0.99406064 0.0059327437
382.0 0.9937928 0.0062007243
383.0 0.9935145 0.0064789504
384.0 0.9932257 0.00676769
385.0 0.9929262 0.0070672105
386.0 0.9926157 0.0073777894
387.0 0.9922938 0.007699698
388.0 0.99196005 0.008033214
389.0 0.9916147 0.008378612
390.0 0.99125713 0.008736173
391.0 0.9908871 0.009106176
392.0 0.9905043 0.009488903
393.0 0.9901084 0.009884635
394.0 0.9896995 0.010293653
395.0 0.989277 0.0107162455
396.0 0.98884046 0.011152687
397.0 0.9883898 0.011603262
398.0 0.98792493 0.012068254
399.0 0.98744524 0.012547938
400.0 0.9869505 0.013042607
401.0 0.98644054 0.013552528
402.0 0.9859152 0.01407798
403.0 0.9853739 0.014619244
404.0 0.9848166 0.015176587
405.0 0.9842429 0.01575028
406.0 0.98365253 0.016340595
407.0 0.98304534 0.016947802
408.0 0.9824209 0.01757215
409.0 0.98177916 0.018213902
410.0 0.98111963 0.018873315
411.0 0.9804424 0.01955064
412.0 0.97974706 0.020246122
413.0 0.9790331 0.020960003
414.0 0.97830063 0.021692514
415.0 0.97754925 0.022443889
416.0 0.97677875 0.023214355
417.0 0.975989 0.024004122
418.0 0.9751797 0.024813406
419.0 0.9743507 0.02564241
420.0 0.97350174 0.026491333
421.0 0.97263265 0.027360363
422.0 0.97174346 0.028249675
423.0 0.9708338 0.029159447
424.0 0.96990323 0.030089848
425.0 0.9689522 0.031041019
426.0 0.96797997 0.03201312
427.0 0.96698684 0.033006266
428.0 0.9659724 0.034020588
429.0 0.964937 0.035056207
430.0 0.9638798 0.036113225
431.0 0.96280134 0.037191723
432.0 0.96170133 0.038291775
433.0 0.96057963 0.039413452
434.0 0.9594362 0.04055681
435.0 0.9582712 0.041721873
436.0 0.9570844 0.04290868
437.0 0.95587575 0.044117242
438.0 0.95464545 0.045347538
439.0 0.9533936 0.04659956
440.0 0.9521198 0.047873273
441.0 0.9508244 0.04916861
442.0 0.94950765 0.05048553
443.0 0.94816923 0.05182393
444.0 0.94680935 0.0531837
445.0 0.94542843 0.054564733
446.0 0.94402647 0.055966888
447.0 0.9426032 0.05739001
448.0 0.9411593 0.05883394
449.0 0.93969476 0.06029846
450.0 0.9382097 0.061783373
451.0 0.93670475 0.06328844
452.0 0.9351797 0.064813405
453.0 0.9336352 0.06635803
454.0 0.93207115 0.067921996
455.0 0.9304883 0.06950499
456.0 0.9288866 0.071106695
457.0 0.9272666 0.07272676
458.0 0.9256284 0.074364804
459.0 0.92397285 0.076020434
460.0 0.9223001 0.077693224
461.0 0.9206105 0.07938276
462.0 0.91890466 0.08108859
463.0 0.91718304 0.08281022
464.0 0.9154462 0.08454716
465.0 0.9136944 0.08629891
466.0 0.9119284 0.088064894
467.0 0.91014874 0.0898446
468.0 0.90835595 0.09163742
469.0 0.9065505 0.0934428
470.0 0.9047333 0.095260054
471.0 0.9029048 0.097088605
472.0 0.9010656 0.098927766
473.0 0.8992166 0.100776896
474.0 0.8973583 0.10263529
475.0 0.8954913 0.10450226
476.0 0.89361656 0.10637705
477.0 0.8917346 0.10825895
478.0 0.8898464 0.110147186
479.0 0.88795257 0.112041004
480.0 0.88605386 0.11393964
481.0 0.8841513 0.11584228
482.0 0.88224554 0.11774814
483.0 0.88033724 0.11965638
484.0 0.87842745 0.12156619
485.0 0.87651694 0.12347674
486.0 0.87460643 0.12538713
487.0 0.872697 0.12729663
488.0 0.87078947 0.12920424
489.0 0.8688845 0.13110915
490.0 0.86698323 0.13301054
491.0 0.86508644 0.13490744
492.0 0.86319476 0.13679907
493.0 0.8613094 0.13868451
494.0 0.85943115 0.14056285
495.0 0.8575607 0.1424333
496.0 0.85569906 0.14429489
497.0 0.85384727 0.14614677
498.0 0.8520059 0.14798814
499.0 0.850176 0.14981815
500.0 0.84835815 0.15163583
501.0 0.8465538 0.15344042
502.0 0.84476316 0.15523106
503.0 0.84298724 0.15700693
504.0 0.84122694 0.15876725
505.0 0.8394831 0.1605111
506.0 0.8377565 0.16223784
507.0 0.8360479 0.1639466
508.0 0.83435786 0.16563666
509.0 0.8326874 0.16730726
510.0 0.8310368 0.16895774
511.0 0.8294073 0.17058727
512.0 0.8277993 0.17219532
513.0 0.82621366 0.17378108
514.0 0.82465076 0.17534398
515.0 0.82311153 0.17688343
516.0 0.821596 0.17839879
517.0 0.82010555 0.17988953
518.0 0.81864 0.18135507
519.0 0.81720024 0.1827949
520.0 0.8157866 0.18420853
521.0 0.8143996 0.1855955
522.0 0.8130399 0.18695539
523.0 0.81170756 0.1882878
524.0 0.8104032 0.1895923
525.0 0.80912685 0.19086859
526.0 0.80787915 0.19211636
527.0 0.80666023 0.19333535
528.0 0.80547035 0.19452521
529.0 0.80430984 0.19568585
530.0 0.8031788 0.19681698
531.0 0.8020773 0.19791852
532.0 0.8010056 0.19899029
533.0 0.7999637 0.20003222
534.0 0.79895157 0.20104423
535.0 0.7979695 0.20202637
536.0 0.7970172 0.20297861
537.0 0.796095 0.20390096
538.0 0.7952025 0.20479359
539.0 0.79433966 0.20565651
540.0 0.7935063 0.20648992
541.0 0.79270226 0.20729403
542.0 0.79192746 0.20806894
543.0 0.79118145 0.20881493
544.0 0.79046404 0.2095324
545.0 0.789775 0.21022153
546.0 0.78911394 0.2108827
547.0 0.7884804 0.21151625
548.0 0.7878741 0.21212262
549.0 0.7872945 0.21270223
550.0 0.78674126 0.21325558
551.0 0.7862137 0.21378313
552.0 0.7857115 0.21428545
553.0 0.785234 0.214763
554.0 0.78478056 0.21521643
555.0 0.7843508 0.21564633
556.0 0.7839437 0.2160534
557.0 0.78355896 0.21643819
558.0 0.7831958 0.2168015
559.0 0.78285336 0.21714401
560.0 0.7825311 0.21746644
561.0 0.7822279 0.21776961
562.0 0.78194326 0.21805431
563.0 0.7816764 0.21832126
564.0 0.78142625 0.21857142
565.0 0.7811923 0.21880558
566.0 0.7809732 0.21902463
567.0 0.7807684 0.21922952
568.0 0.7805769 0.21942106
569.0 0.7803979 0.21960032
570.0 0.7802299 0.21976823
571.0 0.78007233 0.21992573
572.0 0.7799245 0.22007385
573.0 0.77978474 0.2202136
574.0 0.77965236 0.22034603
575.0 0.7795264 0.22047211
576.0 0.7794055 0.220593
577.0 0.77928895 0.22070974
578.0 0.7791754 0.22082333
579.0 0.7790637 0.220935
580.0 0.778953 0.2210458
581.0 0.77884203 0.22115684
582.0 0.77872956 0.22126934
583.0 0.7786147 0.22138432
584.0 0.7784961 0.221503
585.0 0.7783726 0.22162658
586.0 0.7782431 0.22175613
587.0 0.77810645 0.2218929
588.0 0.7779615 0.22203803
589.0 0.77780676 0.22219276
590.0 0.7776414 0.22235824
591.0 0.77746403 0.22253564
592.0 0.7772735 0.22272626
593.0 0.7770686 0.22293112
594.0 0.7768483 0.22315162
595.0 0.7766111 0.22338885
596.0 0.776356 0.22364403
597.0 0.7760817 0.22391838
598.0 0.77578706 0.2242131
599.0 0.7754709 0.22452937
600.0 0.77513194 0.22486836
601.0 0.7747689 0.2252313
602.0 0.774381 0.22561944
603.0 0.77396667 0.22603385
604.0 0.7735248 0.2264757
605.0 0.77305436 0.22694623
606.0 0.77255416 0.22744662
607.0 0.77202296 0.22797783
608.0 0.7714597 0.22854123
609.0 0.7708632 0.22913773
610.0 0.7702323 0.22976862
611.0 0.76956606 0.23043492
612.0 0.76886344 0.23113771
613.0 0.76812315 0.23187801
614.0 0.7673443 0.23265696
615.0 0.76652575 0.23347557
616.0 0.7656666 0.23433483
617.0 0.7647658 0.23523572
618.0 0.76382244 0.23617929
619.0 0.7628354 0.2371664
620.0 0.76180375 0.23819801
621.0 0.76072675 0.23927501
622.0 0.75960356 0.24039838
623.0 0.7584333 0.24156882
624.0 0.7572148 0.24278724
625.0 0.7559476 0.2440544
626.0 0.7546311 0.24537112
627.0 0.7532642 0.24673808
628.0 0.7518463 0.24815598
629.0 0.7503768 0.24962553
630.0 0.74885494 0.2511473
631.0 0.7472805 0.25272197
632.0 0.74565244 0.25435
633.0 0.7439705 0.25603202
634.0 0.7422341 0.25776845
635.0 0.740443 0.25955975
636.0 0.7385965 0.26140636
637.0 0.7366944 0.26330853
638.0 0.7347362 0.2652667
639.0 0.7327219 0.26728106
640.0 0.73065126 0.26935187
641.0 0.72852385 0.27147925
642.0 0.7263397 0.27366352
643.0 0.7240986 0.27590457
644.0 0.7218007 0.27820253
645.0 0.71944606 0.28055742
646.0 0.71703434 0.28296906
647.0 0.714566 0.28543743
648.0 0.71204114 0.28796244
649.0 0.70945996 0.29054368
650.0 0.70682263 0.293181
651.0 0.70412964 0.2958741
652.0 0.7013812 0.2986226
653.0 0.6985779 0.30142602
654.0 0.6957199 0.30428398
655.0 0.69280803 0.30719584
656.0 0.68984294 0.3101611
657.0 0.686825 0.31317908
658.0 0.683755 0.31624913
659.0 0.6806338 0.3193704
660.0 0.67746186 0.32254225
661.0 0.6742405 0.32576367
662.0 0.67097044 0.32903382
663.0 0.6676525 0.33235186
664.0 0.6642878 0.33571666
665.0 0.6608773 0.3391271
666.0 0.6574223 0.34258217
667.0 0.653924 0.34608072
668.0 0.65038306 0.34962147
669.0 0.6468014 0.35320318
670.0 0.64318 0.35682464
671.0 0.6395203 0.36048442
672.0 0.6358236 0.36418116
673.0 0.6320914 0.3679134
674.0 0.6283251 0.37167966
675.0 0.62452626 0.37547854
676.0 0.62069666 0.37930828
677.0 0.61683744 0.38316742
678.0 0.6129507 0.38705435
679.0 0.60903776 0.3909673
680.0 0.60510033 0.39490467
681.0 0.60114026 0.3988648
682.0 0.5971594 0.4028457
683.0 0.5931592 0.40684596
684.0 0.5891417 0.41086334
685.0 0.5851089 0.4148963
686.0 0.5810623 0.418943
687.0 0.57700384 0.42300144
688.0 0.5729355 0.42706978
689.0 0.5688592 0.4311463
690.0 0.56477666 0.4352287
691.0 0.56068987 0.43931556
692.0 0.55660087 0.44340461
693.0 0.5525115 0.44749403
694.0 0.54842377 0.45158184
695.0 0.5443394 0.45566624
696.0 0.5402605 0.45974517
697.0 0.53618884 0.46381682
698.0 0.5321264 0.46787924
699.0 0.5280753 0.47193044
700.0 0.5240372 0.47596872
701.0 0.5200139 0.479992
702.0 0.5160073 0.48399854
703.0 0.5120194 0.48798642
704.0 0.508052 0.49195388
705.0 0.50410676 0.49589914
706.0 0.5001856 0.49982044
707.0 0.4962901 0.5037159
708.0 0.49242213 0.50758386
709.0 0.48858327 0.5114228
710.0 0.48477527 0.51523083
711.0 0.48099965 0.51900655
712.0 0.477258 0.5227481
713.0 0.47355205 0.5264542
714.0 0.46988297 0.53012323
715.0 0.46625245 0.5337538
716.0 0.46266183 0.5373444
717.0 0.4591125 0.5408938
718.0 0.4556058 0.5444006
719.0 0.45214295 0.5478634
720.0 0.44872522 0.5512812
721.0 0.44535372 0.5546527
722.0 0.44202965 0.5579768
723.0 0.43875405 0.5612525
724.0 0.4355279 0.5644785
725.0 0.43235222 0.56765425
726.0 0.42922792 0.5707785
727.0 0.42615575 0.5738508
728.0 0.42313665 0.57686996
729.0 0.4201713 0.57983536
730.0 0.41726026 0.5827464
731.0 0.4144044 0.5856024
732.0 0.41160402 0.5884025
733.0 0.40885985 0.5911468
734.0 0.40617228 0.5938345
735.0 0.40354162 0.5964651
736.0 0.4009683 0.5990384
737.0 0.39845264 0.6015544
738.0 0.39599466 0.6040121
739.0 0.39359474 0.60641223
740.0 0.39125296 0.60875404
741.0 0.3889693 0.61103773
742.0 0.38674375 0.61326313
743.0 0.3845764 0.6154305
744.0 0.38246703 0.6175399
745.0 0.3804156 0.61959136
746.0 0.37842184 0.62158525
747.0 0.3764854 0.6235217
748.0 0.37460613 0.6254009
749.0 0.37278366 0.6272235
750.0 0.3710174 0.6289896
751.0 0.36930716 0.6306999
752.0 0.36765245 0.6323547
753.0 0.36605257 0.6339546
754.0 0.36450702 0.63550013
755.0 0.36301523 0.63699174
756.0 0.36157656 0.63843054
757.0 0.36019027 0.63981676
758.0 0.35885572 0.64115137
759.0 0.35757214 0.64243495
760.0 0.3563388 0.64366835
761.0 0.35515484 0.6448524
762.0 0.35401934 0.64598787
763.0 0.3529315 0.64707565
764.0 0.35189041 0.6481167
765.0 0.35089535 0.64911187
766.0 0.34994513 0.6500623
767.0 0.3490389 0.6509684
768.0 0.34817564 0.6518317
769.0 0.3473544 0.6526529
770.0 0.34657425 0.6534331
771.0 0.34583408 0.65417325
772.0 0.3451329 0.65487456
773.0 0.3444696 0.6555377
774.0 0.34384322 0.65616417
775.0 0.34325278 0.65675455
776.0 0.34269702 0.65731037
777.0 0.34217495 0.6578324
778.0 0.34168565 0.65832174
779.0 0.3412279 0.6587796
780.0 0.34080073 0.65920687
781.0 0.340403 0.65960443
782.0 0.34003368 0.65997386
783.0 0.3396917 0.66031593
784.0 0.33937612 0.66063136
785.0 0.33908573 0.6609218
786.0 0.33881968 0.66118777
787.0 0.33857685 0.6614306
788.0 0.33835632 0.6616514
789.0 0.33815697 0.6618507
790.0 0.33797783 0.66202974
791.0 0.3378181 0.66218954
792.0 0.33767667 0.66233087
793.0 0.33755267 0.66245496
794.0 0.33744517 0.6625624
795.0 0.33735317 0.6626544
796.0 0.33727598 0.6627315
797.0 0.33721265 0.6627948
798.0 0.33716226 0.66284525
799.0 0.3371242 0.6628834
800.0 0.33709744 0.6629102
801.0 0.3370813 0.6629264
802.0 0.33707502 0.6629327
803.0 0.33707792 0.6629298
804.0 0.33708912 0.66291845
805.0 0.33710814 0.66289943
806.0 0.33713415 0.6628735
807.0 0.33716664 0.66284096
808.0 0.33720493 0.66280276
809.0 0.33724838 0.6627593
810.0 0.33729655 0.6627111
811.0 0.33734876 0.6626588
812.0 0.33740464 0.66260296
813.0 0.3374635 0.662544
814.0 0.33752498 0.6624825
815.0 0.33758864 0.6624188
816.0 0.337654 0.66235346
817.0 0.33772075 0.66228676
818.0 0.33778828 0.66221917
819.0 0.33785662 0.6621509
820.0 0.3379251 0.66208243
821.0 0.3379935 0.662014
822.0 0.33806163 0.6619458
823.0 0.3381291 0.66187847
824.0 0.33819568 0.6618119
825.0 0.3382612 0.66174644
826.0 0.3383253 0.6616821
827.0 0.33838803 0.6616195
828.0 0.33844894 0.6615585
829.0 0.33850813 0.66149926
830.0 0.3385654 0.66144204
831.0 0.33862048 0.66138697
832.0 0.3386735 0.6613339
833.0 0.3387242 0.66128325
834.0 0.3387726 0.66123474
835.0 0.33881858 0.6611887
836.0 0.33886218 0.6611452
837.0 0.3389033 0.661104
838.0 0.33894196 0.6610653
839.0 0.3389782 0.66102916
840.0 0.3390119 0.6609954
841.0 0.3390432 0.66096413
842.0 0.3390721 0.6609353
843.0 0.33909863 0.66090864
844.0 0.33912286 0.6608844
845.0 0.33914486 0.6608623
846.0 0.33916458 0.66084254
847.0 0.3391823 0.66082495
848.0 0.33919793 0.66080934
849.0 0.33921164 0.66079557
850.0 0.33922344 0.66078377
851.0 0.33923352 0.66077375
852.0 0.33924186 0.66076535
853.0 0.33924872 0.66075826
854.0 0.33925414 0.66075295
855.0 0.3392582 0.660749
856.0 0.339261 0.6607461
857.0 0.33926272 0.6607444
858.0 0.33926332 0.6607437
859.0 0.33926308 0.660744
860.0 0.33926213 0.6607449
861.0 0.33926043 0.6607466
862.0 0.33925825 0.66074884
863.0 0.33925566 0.66075146
864.0 0.3392526 0.66075444
865.0 0.33924937 0.66075766
866.0 0.33924603 0.660761
867.0 0.3392427 0.6607644
868.0 0.33923936 0.6607677
869.0 0.33923626 0.6607707
870.0 0.33923346 0.6607736
871.0 0.33923095 0.6607759
872.0 0.33922887 0.66077805
873.0 0.33922738 0.6607795
874.0 0.33922648 0.66078043
875.0 0.33922625 0.6607806
876.0 0.33922672 0.6607801
877.0 0.33922806 0.6607787
878.0 0.3392302 0.6607767
879.0 0.33923322 0.6607735
880.0 0.33923727 0.6607695
881.0 0.33924225 0.6607645
882.0 0.3392483 0.6607583
883.0 0.33925545 0.66075134
884.0 0.3392636 0.66074324
885.0 0.33927295 0.66073394
886.0 0.33928344 0.66072345
887.0 0.33929497 0.6607119
888.0 0.33930767 0.6606991
889.0 0.33932158 0.6606853
890.0 0.33933645 0.6606704
891.0 0.3393527 0.66065407
892.0 0.3393699 0.6606369
893.0 0.33938828 0.6606185
894.0 0.33940765 0.66059923
895.0 0.3394281 0.6605788
896.0 0.3394496 0.66055727
897.0 0.33947212 0.66053474
898.0 0.33949542 0.6605114
899.0 0.3395197 0.66048706
900.0 0.3395449 0.6604619
901.0 0.33957076 0.66043603
902.0 0.3395975 0.6604093
903.0 0.3396249 0.6603819
904.0 0.3396529 0.66035396
905.0 0.3396815 0.6603253
906.0 0.33971065 0.6602961
907.0 0.33974025 0.66026664
908.0 0.33977017 0.66023654
909.0 0.33980048 0.66020626
910.0 0.33983102 0.6601758
911.0 0.3398617 0.6601449
912.0 0.33989263 0.66011417
913.0 0.33992356 0.6600834
914.0 0.33995438 0.6600524
915.0 0.3399852 0.66002166
916.0 0.3400157 0.659991
917.0 0.34004617 0.6599607
918.0 0.34007618 0.6599307
919.0 0.3401059 0.659901
920.0 0.34013513 0.65987176
921.0 0.3401639 0.65984297
922.0 0.34019202 0.65981483
923.0 0.34021956 0.6597873
924.0 0.34024644 0.6597605
925.0 0.34027252 0.6597344
926.0 0.34029785 0.6597092
927.0 0.34032214 0.6596849
928.0 0.3403456 0.65966135
929.0 0.34036806 0.6596389
930.0 0.34038958 0.65961736
931.0 0.34041 0.65959704
932.0 0.34042925 0.6595777
933.0 0.3404473 0.6595597
934.0 0.3404643 0.65954274
935.0 0.34047994 0.65952706
936.0 0.34049445 0.6595125
937.0 0.34050757 0.6594994
938.0 0.3405194 0.6594876
939.0 0.34052992 0.6594771
940.0 0.34053913 0.65946794
941.0 0.3405469 0.6594602
942.0 0.34055334 0.65945375
943.0 0.34055844 0.65944856
944.0 0.3405621 0.659445
945.0 0.34056437 0.65944254
946.0 0.34056526 0.6594417
947.0 0.34056473 0.6594422
948.0 0.34056288 0.65944403
949.0 0.3405597 0.6594472
950.0 0.34055513 0.6594519
951.0 0.34054926 0.65945774
952.0 0.34054202 0.65946484
953.0 0.34053355 0.6594734
954.0 0.3405238 0.6594832
955.0 0.34051284 0.65949416
956.0 0.3405007 0.6595063
957.0 0.3404873 0.6595197
958.0 0.34047288 0.65953404
959.0 0.34045732 0.65954965
960.0 0.34044075 0.65956634
961.0 0.34042323 0.6595839
962.0 0.34040466 0.65960246
963.0 0.34038526 0.65962183
964.0 0.34036496 0.6596422
965.0 0.3403439 0.6596632
966.0 0.340322 0.65968513
967.0 0.34029952 0.6597077
968.0 0.34027624 0.6597309
969.0 0.34025246 0.6597545
970.0 0.3402282 0.6597789
971.0 0.34020334 0.65980375
972.0 0.3401782 0.659829
973.0 0.34015247 0.6598545
974.0 0.34012666 0.6598804
975.0 0.34010047 0.6599065
976.0 0.34007418 0.659933
977.0 0.3400477 0.65995944
978.0 0.34002113 0.659986
979.0 0.3399946 0.6600125
980.0 0.33996806 0.66003907
981.0 0.33994168 0.6600654
982.0 0.3399154 0.6600917
983.0 0.3398894 0.6601176
984.0 0.33986366 0.66014344
985.0 0.3398381 0.660169
986.0 0.33981305 0.6601939
987.0 0.33978838 0.6602187
988.0 0.33976412 0.660243
989.0 0.33974034 0.66026664
990.0 0.3397172 0.66028976
991.0 0.33969462 0.6603124
992.0 0.33967274 0.6603342
993.0 0.3396515 0.66035545
994.0 0.3396309 0.6603762
995.0 0.3396111 0.660396
996.0 0.33959204 0.66041493
997.0 0.3395738 0.6604332
998.0 0.33955646 0.6604506
999.0 0.33953995 0.66046697
1000.0 0.33952433 0.66048265
1001.0 0.33950955 0.66049725
1002.0 0.33949584 0.66051114
1003.0 0.33948302 0.660524
1004.0 0.33947113 0.6605358
1005.0 0.33946025 0.66054666
1006.0 0.33945036 0.6605565
1007.0 0.33944148 0.6605655
1008.0 0.33943355 0.66057336
1009.0 0.33942664 0.6605803
1010.0 0.33942074 0.66058624
1011.0 0.3394158 0.6605911
1012.0 0.33941185 0.66059506
1013.0 0.33940896 0.6605979
1014.0 0.33940703 0.6605997
1015.0 0.339406 0.66060084
1016.0 0.339406 0.6606009
1017.0 0.33940694 0.6605999
1018.0 0.3394088 0.6605981
1019.0 0.3394115 0.6605953
1020.0 0.3394152 0.66059166
1021.0 0.3394197 0.6605871
1022.0 0.33942506 0.66058177
1023.0 0.3394313 0.6605755
1024.0 0.3394383 0.6605686
1025.0 0.339446 0.66056085
1026.0 0.33945453 0.6605524
1027.0 0.33946368 0.6605432
1028.0 0.33947355 0.6605333
1029.0 0.33948404 0.6605229
1030.0 0.33949512 0.66051173
1031.0 0.3395068 0.66050005
1032.0 0.33951905 0.6604877
1033.0 0.33953175 0.660475
1034.0 0.33954495 0.66046184
1035.0 0.3395586 0.6604482
1036.0 0.33957255 0.6604341
1037.0 0.33958697 0.66041994
1038.0 0.33960164 0.6604052
1039.0 0.3396166 0.66039026
1040.0 0.33963174 0.66037506
1041.0 0.3396471 0.6603597
1042.0 0.33966273 0.6603442
1043.0 0.33967847 0.6603284
1044.0 0.3396942 0.6603128
1045.0 0.33971006 0.6602969
1046.0 0.33972585 0.66028094
1047.0 0.3397417 0.6602652
1048.0 0.3397575 0.6602495
1049.0 0.33977312 0.66023374
1050.0 0.33978868 0.6602182
1051.0 0.33980405 0.66020286
1052.0 0.33981925 0.6601876
1053.0 0.33983427 0.6601726
1054.0 0.33984894 0.6601578
1055.0 0.33986342 0.6601435
1056.0 0.33987755 0.6601293
1057.0 0.33989137 0.6601154
1058.0 0.3399048 0.6601021
1059.0 0.33991793 0.6600889
1060.0 0.3399306 0.66007626
1061.0 0.33994278 0.6600641
1062.0 0.33995456 0.66005224
1063.0 0.33996597 0.6600408
1064.0 0.33997676 0.6600299
1065.0 0.33998713 0.6600195
1066.0 0.339997 0.66000974
1067.0 0.34000626 0.66000044
1068.0 0.34001505 0.65999174
1069.0 0.3400232 0.65998363
1070.0 0.3400308 0.65997595
1071.0 0.34003794 0.659969
1072.0 0.34004444 0.65996253
1073.0 0.34005034 0.65995646
1074.0 0.3400557 0.6599511
1075.0 0.3400605 0.6599464
1076.0 0.34006462 0.65994215
1077.0 0.34006822 0.6599386
1078.0 0.34007126 0.6599354
1079.0 0.34007367 0.65993303
1080.0 0.3400756 0.65993106
1081.0 0.34007692 0.65992975
1082.0 0.34007764 0.65992904
1083.0 0.34007785 0.6599288
1084.0 0.34007752 0.6599293
1085.0 0.34007668 0.6599299
1086.0 0.3400753 0.6599314
1087.0 0.3400734 0.65993327
1088.0 0.34007102 0.6599357
1089.0 0.34006807 0.6599386
1090.0 0.34006482 0.6599418
1091.0 0.340061 0.65994567
1092.0 0.3400569 0.65994984
1093.0 0.34005228 0.6599544
1094.0 0.34004724 0.65995955
1095.0 0.34004188 0.6599648
1096.0 0.34003612 0.6599705
1097.0 0.34003004 0.6599766
1098.0 0.34002373 0.6599829
1099.0 0.34001702 0.6599897
1100.0 0.34001005 0.6599966
1101.0 0.3400029 0.6600038
1102.0 0.33999532 0.6600113
1103.0 0.3399877 0.6600189
1104.0 0.3399799 0.66002667
1105.0 0.3399718 0.6600349
1106.0 0.33996364 0.66004294
1107.0 0.3399554 0.6600512
1108.0 0.33994696 0.6600596
1109.0 0.33993846 0.66006804
1110.0 0.33992982 0.6600766
1111.0 0.33992127 0.6600852
1112.0 0.3399126 0.6600937
1113.0 0.33990398 0.6601024
1114.0 0.33989537 0.6601112
1115.0 0.33988675 0.6601198
1116.0 0.33987826 0.66012824
1117.0 0.33986974 0.66013676
1118.0 0.33986133 0.66014504
1119.0 0.33985314 0.6601534
1120.0 0.339845 0.6601615
1121.0 0.33983698 0.6601695
1122.0 0.3398291 0.66017723
1123.0 0.3398214 0.66018504
1124.0 0.3398139 0.66019255
1125.0 0.3398066 0.6601998
1126.0 0.33979952 0.6602069
1127.0 0.3397926 0.66021377
1128.0 0.33978593 0.66022027
1129.0 0.33977956 0.6602268
1130.0 0.3397733 0.660233
1131.0 0.33976746 0.66023886
1132.0 0.33976176 0.66024446
1133.0 0.33975637 0.6602499
1134.0 0.33975124 0.66025496
1135.0 0.33974648 0.66025966
1136.0 0.33974195 0.66026425
1137.0 0.33973768 0.66026855
1138.0 0.33973372 0.66027236
1139.0 0.33973008 0.6602761
1140.0 0.33972675 0.6602794
1141.0 0.3397237 0.66028255
1142.0 0.33972093 0.6602852
1143.0 0.3397185 0.6602875
1144.0 0.33971643 0.66028976
1145.0 0.3397146 0.66029143
1146.0 0.339713 0.660293
1147.0 0.33971173 0.6602942
1148.0 0.33971077 0.6602951
1149.0 0.33971006 0.6602959
1150.0 0.33970967 0.66029626
1151.0 0.33970946 0.6602964
1152.0 0.33970964 0.6602963
1153.0 0.33971006 0.6602959
1154.0 0.33971065 0.6602951
1155.0 0.3397116 0.6602942
1156.0 0.33971268 0.6602931
1157.0 0.33971408 0.6602917
1158.0 0.33971566 0.6602901
1159.0 0.33971742 0.66028833
1160.0 0.3397194 0.6602863
1161.0 0.33972165 0.6602841
1162.0 0.33972403 0.66028154
1163.0 0.33972657 0.660279
1164.0 0.33972937 0.6602762
1165.0 0.33973226 0.6602734
1166.0 0.33973527 0.66027015
1167.0 0.33973843 0.660267
1168.0 0.33974177 0.66026366
1169.0 0.33974516 0.6602602
1170.0 0.3397487 0.66025674
1171.0 0.33975232 0.66025317
1172.0 0.33975595 0.66024935
1173.0 0.3397598 0.66024566
1174.0 0.3397636 0.66024184
1175.0 0.33976746 0.6602378
1176.0 0.3397714 0.6602339
1177.0 0.33977532 0.6602301
1178.0 0.33977926 0.6602261
1179.0 0.3397832 0.66022205
1180.0 0.3397872 0.660218
1181.0 0.33979118 0.66021407
1182.0 0.33979505 0.6602101
1183.0 0.339799 0.6602061
1184.0 0.33980286 0.66020215
1185.0 0.33980668 0.66019833
1186.0 0.33981055 0.6601945
1187.0 0.33981428 0.66019064
1188.0 0.33981794 0.6601869
1189.0 0.33982158 0.6601833
1190.0 0.339825 0.6601798
1191.0 0.33982843 0.6601763
1192.0 0.33983177 0.66017306
1193.0 0.33983505 0.6601696
1194.0 0.33983815 0.6601665
1195.0 0.33984125 0.66016334
1196.0 0.33984417 0.6601604
1197.0 0.33984697 0.66015756
1198.0 0.33984962 0.6601548
1199.0 0.3398522 0.6601522
