0.0 1.0 1.3013216e-25
1.0 1.0 8.3326956e-11
2.0 0.99999994 2.4316033e-10
3.0 0.9999998 3.7397044e-10
4.0 0.99999964 4.2997994e-10
5.0 0.99999964 4.2207604e-10
6.0 0.9999996 3.9038578e-10
7.0 0.99999946 3.7100883e-10
8.0 0.99999946 3.7658493e-10
9.0 0.99999934 3.968628e-10
10.0 0.9999993 4.1340717e-10
11.0 0.9999992 4.1513162e-10
12.0 0.99999917 4.0456283e-10
13.0 0.99999905 3.9261433e-10
14.0 0.999999 3.887753e-10
15.0 0.9999989 3.942175e-10
16.0 0.9999987 4.026664e-10
17.0 0.9999988 4.065926e-10
18.0 0.9999986 4.03246e-10
19.0 0.99999833 3.9595435e-10
20.0 0.99999845 3.9061826e-10
21.0 0.99999833 3.9068632e-10
22.0 0.9999983 3.948193e-10
23.0 0.9999981 3.9865317e-10
24.0 0.9999979 3.9858622e-10
25.0 0.99999803 3.9460807e-10
26.0 0.99999785 3.8984993e-10
27.0 0.9999979 3.876781e-10
28.0 0.99999774 3.8898823e-10
29.0 0.9999976 3.9183393e-10
30.0 0.9999975 3.9323753e-10
31.0 0.9999975 3.9167236e-10
32.0 0.9999975 3.88242e-10
33.0 0.99999744 3.8540438e-10
34.0 0.9999974 3.849412e-10
35.0 0.9999973 3.8654757e-10
36.0 0.9999972 3.88311e-10
37.0 0.9999972 3.8830417e-10
38.0 0.99999714 3.862803e-10
39.0 0.999997 3.836052e-10
40.0 0.9999969 3.8213555e-10
41.0 0.9999968 3.825612e-10
42.0 0.99999666 3.839025e-10
43.0 0.99999654 3.8462838e-10
44.0 0.9999965 3.8373255e-10
45.0 0.9999963 3.8164977e-10
46.0 0.9999964 3.7971015e-10
47.0 0.9999963 3.7912212e-10
48.0 0.9999963 3.797967e-10
49.0 0.9999961 3.8069567e-10
50.0 0.99999595 3.806147e-10
51.0 0.99999595 3.793032e-10
52.0 0.99999595 3.7745262e-10
53.0 0.99999577 3.7626297e-10
54.0 0.9999956 3.7626105e-10
55.0 0.99999565 3.769643e-10
56.0 0.9999956 3.774019e-10
57.0 0.9999956 3.768753e-10
58.0 0.99999535 3.7555697e-10
59.0 0.99999535 3.742569e-10
60.0 0.99999523 3.7375872e-10
61.0 0.9999952 3.7411757e-10
62.0 0.999995 3.7467301e-10
63.0 0.99999493 3.7473222e-10
64.0 0.999995 3.7394177e-10
65.0 0.99999475 3.7272108e-10
66.0 0.99999464 3.7184056e-10
67.0 0.99999464 3.717448e-10
68.0 0.99999464 3.721566e-10
69.0 0.9999945 3.7246703e-10
70.0 0.9999945 3.7206435e-10
71.0 0.99999446 3.7105047e-10
72.0 0.99999416 3.6998302e-10
73.0 0.99999416 3.6938222e-10
74.0 0.9999941 3.6942133e-10
75.0 0.9999939 3.6968162e-10
76.0 0.9999939 3.6962944e-10
77.0 0.9999939 3.6903527e-10
78.0 0.9999938 3.6807593e-10
79.0 0.9999937 3.6728834e-10
80.0 0.99999356 3.670588e-10
81.0 0.99999344 3.6723052e-10
82.0 0.9999934 3.6745068e-10
83.0 0.99999326 3.6725384e-10
84.0 0.9999932 3.6662998e-10
85.0 0.9999932 3.6590186e-10
86.0 0.9999931 3.6550124e-10
87.0 0.999993 3.6555908e-10
88.0 0.999993 3.6577422e-10
89.0 0.9999929 3.6583453e-10
90.0 0.9999929 3.65446e-10
91.0 0.9999927 3.647727e-10
92.0 0.9999928 3.6420125e-10
93.0 0.9999927 3.6403588e-10
94.0 0.9999927 3.6410114e-10
95.0 0.9999927 3.642063e-10
96.0 0.9999925 3.6403985e-10
97.0 0.9999924 3.6348896e-10
98.0 0.99999225 3.6281497e-10
99.0 0.9999921 3.6236714e-10
100.0 0.99999213 3.621966e-10
101.0 0.999992 3.6223452e-10
102.0 0.9999919 3.6216924e-10
103.0 0.9999918 3.6185774e-10
104.0 0.99999183 3.613181e-10
105.0 0.9999918 3.6076553e-10
106.0 0.9999916 3.6046188e-10
107.0 0.99999154 3.6046732e-10
108.0 0.9999914 3.6054434e-10
109.0 0.99999136 3.6047063e-10
110.0 0.9999912 3.6020303e-10
111.0 0.9999912 3.5978728e-10
112.0 0.999991 3.5947995e-10
113.0 0.99999094 3.5943906e-10
114.0 0.9999908 3.595641e-10
115.0 0.9999908 3.5960213e-10
116.0 0.9999909 3.5947273e-10
117.0 0.9999907 3.5914677e-10
118.0 0.9999908 3.5875572e-10
119.0 0.99999064 3.5858194e-10
120.0 0.99999046 3.5860181e-10
121.0 0.99999046 3.5863462e-10
122.0 0.9999904 3.5848782e-10
123.0 0.99999034 3.5816455e-10
124.0 0.9999903 3.577011e-10
125.0 0.9999902 3.5735576e-10
126.0 0.9999901 3.5720712e-10
127.0 0.99999 3.5719935e-10
128.0 0.99999005 3.5719713e-10
129.0 0.99998987 3.5701056e-10
130.0 0.99998987 3.5667022e-10
131.0 0.99998975 3.563324e-10
132.0 0.99998975 3.561511e-10
133.0 0.99998957 3.560922e-10
134.0 0.99998945 3.56132e-10
135.0 0.99998933 3.561597e-10
136.0 0.9999894 3.5605435e-10
137.0 0.9999893 3.558535e-10
138.0 0.9999892 3.5561654e-10
139.0 0.9999891 3.555206e-10
140.0 0.9999891 3.5552442e-10
141.0 0.9999889 3.5558115e-10
142.0 0.9999889 3.5554135e-10
143.0 0.99998885 3.5542622e-10
144.0 0.99998873 3.55223e-10
145.0 0.99998856 3.5509967e-10
146.0 0.99998844 3.5505532e-10
147.0 0.99998856 3.5509531e-10
148.0 0.9999884 3.5504444e-10
149.0 0.9999883 3.5483033e-10
150.0 0.9999883 3.5450293e-10
151.0 0.9999882 3.542657e-10
152.0 0.999988 3.5412612e-10
153.0 0.9999881 3.5409017e-10
154.0 0.99998796 3.54056e-10
155.0 0.9999878 3.539628e-10
156.0 0.99998766 3.5375236e-10
157.0 0.99998766 3.5355077e-10
158.0 0.9999875 3.5337405e-10
159.0 0.9999875 3.5327521e-10
160.0 0.99998736 3.532633e-10
161.0 0.99998736 3.5329423e-10
162.0 0.99998707 3.5325862e-10
163.0 0.99998707 3.531355e-10
164.0 0.999987 3.5302877e-10
165.0 0.999987 3.529606e-10
166.0 0.9999868 3.529187e-10
167.0 0.99998677 3.529344e-10
168.0 0.99998677 3.5293296e-10
169.0 0.9999866 3.5287911e-10
170.0 0.9999866 3.528302e-10
171.0 0.9999865 3.528303e-10
172.0 0.9999865 3.5277525e-10
173.0 0.9999863 3.5276707e-10
174.0 0.9999863 3.527045e-10
175.0 0.9999863 3.5263995e-10
176.0 0.9999862 3.5252798e-10
177.0 0.9999861 3.5244974e-10
178.0 0.99998605 3.5237746e-10
179.0 0.99998593 3.5229455e-10
180.0 0.9999859 3.5229913e-10
181.0 0.9999858 3.5225037e-10
182.0 0.9999857 3.5219525e-10
183.0 0.9999857 3.5212708e-10
184.0 0.9999857 3.520591e-10
185.0 0.9999856 3.5207917e-10
186.0 0.99998534 3.520566e-10
187.0 0.9999853 3.5206715e-10
188.0 0.9999851 3.5203018e-10
189.0 0.9999851 3.5200273e-10
190.0 0.99998504 3.519843e-10
191.0 0.9999849 3.5200642e-10
192.0 0.99998486 3.5210956e-10
193.0 0.9999848 3.522045e-10
194.0 0.99998474 3.522531e-10
195.0 0.9999846 3.5233227e-10
196.0 0.9999845 3.5238634e-10
197.0 0.9999845 3.524797e-10
198.0 0.9999844 3.5263995e-10
199.0 0.9999844 3.5283118e-10
200.0 0.99998415 3.5295472e-10
201.0 0.99998415 3.5310663e-10
202.0 0.99998397 3.5330303e-10
203.0 0.9999838 3.5352804e-10
204.0 0.9999838 3.5377848e-10
205.0 0.9999838 3.5410347e-10
206.0 0.9999838 3.5445546e-10
207.0 0.99998355 3.5483538e-10
208.0 0.99998355 3.552958e-10
209.0 0.9999834 3.5580444e-10
210.0 0.9999833 3.564059e-10
211.0 0.9999833 3.5705566e-10
212.0 0.99998313 3.5775413e-10
213.0 0.9999831 3.5858352e-10
214.0 0.99998295 3.594539e-10
215.0 0.9999831 3.604917e-10
216.0 0.9999829 3.6166684e-10
217.0 0.9999827 3.630319e-10
218.0 0.9999827 3.6444409e-10
219.0 0.9999826 3.661068e-10
220.0 0.9999826 3.6798703e-10
221.0 0.9999825 3.70117e-10
222.0 0.99998236 3.7243753e-10
223.0 0.99998236 3.750519e-10
224.0 0.9999821 3.7800613e-10
225.0 0.9999821 3.8133988e-10
226.0 0.999982 3.8500528e-10
227.0 0.999982 3.8908743e-10
228.0 0.9999819 3.936291e-10
229.0 0.99998176 3.9865494e-10
230.0 0.9999817 4.0436893e-10
231.0 0.9999815 4.106917e-10
232.0 0.9999814 4.1774773e-10
233.0 0.9999815 4.2561393e-10
234.0 0.9999814 4.3439496e-10
235.0 0.9999813 4.44136e-10
236.0 0.9999813 4.551408e-10
237.0 0.9999813 4.672295e-10
238.0 0.99998116 4.8062265e-10
239.0 0.99998105 4.956884e-10
240.0 0.99998105 5.1244337e-10
241.0 0.999981 5.310712e-10
242.0 0.999981 5.5176924e-10
243.0 0.9999808 5.7480415e-10
244.0 0.9999807 6.0027794e-10
245.0 0.9999807 6.286488e-10
246.0 0.9999807 6.6021677e-10
247.0 0.99998045 6.9524775e-10
248.0 0.9999804 7.3425704e-10
249.0 0.9999802 7.774769e-10
250.0 0.9999802 8.253852e-10
251.0 0.9999802 8.785753e-10
252.0 0.9999802 9.375161e-10
253.0 0.99998015 1.0028601e-09
254.0 0.99998003 1.0752501e-09
255.0 0.9999801 1.1554285e-09
256.0 0.99998 1.2442286e-09
257.0 0.99998 1.342529e-09
258.0 0.99998 1.4513369e-09
259.0 0.99997985 1.5718509e-09
260.0 0.9999798 1.7050883e-09
261.0 0.99998 1.852402e-09
262.0 0.99997985 2.0152222e-09
263.0 0.9999799 2.1952093e-09
264.0 0.9999799 2.3941313e-09
265.0 0.99997985 2.613768e-09
266.0 0.9999797 2.8563765e-09
267.0 0.9999796 3.1241474e-09
268.0 0.99997956 3.4195786e-09
269.0 0.99997956 3.745553e-09
270.0 0.99997944 4.105003e-09
271.0 0.9999794 4.5013e-09
272.0 0.9999794 4.93805e-09
273.0 0.9999794 5.4194604e-09
274.0 0.9999794 5.949595e-09
275.0 0.9999793 6.5332313e-09
276.0 0.9999793 7.175939e-09
277.0 0.9999792 7.883084e-09
278.0 0.9999793 8.661135e-09
279.0 0.99997926 9.516793e-09
280.0 0.9999792 1.045759e-08
281.0 0.99997926 1.14919185e-08
282.0 0.999979 1.2628297e-08
283.0 0.99997914 1.3876928e-08
284.0 0.999979 1.524797e-08
285.0 0.99997896 1.6753406e-08
286.0 0.999979 1.8405679e-08
287.0 0.99997896 2.0218536e-08
288.0 0.9999789 2.2207182e-08
289.0 0.9999789 2.4387964e-08
290.0 0.99997896 2.6778718e-08
291.0 0.9999788 2.93981e-08
292.0 0.9999789 3.2267863e-08
293.0 0.9999788 3.5411027e-08
294.0 0.9999787 3.8852868e-08
295.0 0.99997866 4.2620584e-08
296.0 0.99997854 4.674333e-08
297.0 0.9999786 5.125307e-08
298.0 0.9999786 5.6185193e-08
299.0 0.99997854 6.157756e-08
300.0 0.9999786 6.747153e-08
301.0 0.9999786 7.39105e-08
302.0 0.9999785 8.094454e-08
303.0 0.9999785 8.8625924e-08
304.0 0.9999784 9.701128e-08
305.0 0.9999785 1.0616348e-07
306.0 0.9999785 1.1614786e-07
307.0 0.99997836 1.2703794e-07
308.0 0.9999783 1.3891302e-07
309.0 0.9999783 1.518568e-07
310.0 0.9999783 1.659622e-07
311.0 0.9999783 1.8132695e-07
312.0 0.99997824 1.9806201e-07
313.0 0.9999782 2.1628391e-07
314.0 0.9999784 2.3611693e-07
315.0 0.9999783 2.576984e-07
316.0 0.9999782 2.8117404e-07
317.0 0.9999782 3.0670662e-07
318.0 0.9999781 3.3446182e-07
319.0 0.9999782 3.6462984e-07
320.0 0.99997807 3.9741025e-07
321.0 0.99997807 4.3301338e-07
322.0 0.999978 4.716743e-07
323.0 0.99997795 5.136451e-07
324.0 0.9999778 5.591901e-07
325.0 0.99997795 6.0860464e-07
326.0 0.9999778 6.6220514e-07
327.0 0.99997777 7.203253e-07
328.0 0.9999777 7.833261e-07
329.0 0.9999776 8.5160275e-07
330.0 0.99997747 9.2556934e-07
331.0 0.99997735 1.005681e-06
332.0 0.9999773 1.0924186e-06
333.0 0.9999771 1.1863089e-06
334.0 0.9999771 1.28791e-06
335.0 0.99997675 1.3978209e-06
336.0 0.99997663 1.5166897e-06
337.0 0.9999765 1.6452128e-06
338.0 0.9999764 1.7841319e-06
339.0 0.9999763 1.9342403e-06
340.0 0.9999761 2.096399e-06
341.0 0.99997586 2.2715158e-06
342.0 0.99997556 2.460585e-06
343.0 0.99997544 2.6646499e-06
344.0 0.9999752 2.884839e-06
345.0 0.9999751 3.122359e-06
346.0 0.9999746 3.3785009e-06
347.0 0.9999743 3.6546553e-06
348.0 0.9999741 3.9522974e-06
349.0 0.9999737 4.272997e-06
350.0 0.9999733 4.618451e-06
351.0 0.999973 4.9904593e-06
352.0 0.99997246 5.3909653e-06
353.0 0.9999721 5.8220057e-06
354.0 0.9999716 6.2858085e-06
355.0 0.99997115 6.7846922e-06
356.0 0.9999706 7.3211886e-06
357.0 0.9999701 7.897949e-06
358.0 0.99996936 8.5178435e-06
359.0 0.99996865 9.183901e-06
360.0 0.99996793 9.899348e-06
361.0 0.99996716 1.0667656e-05
362.0 0.9999663 1.14924715e-05
363.0 0.99996555 1.2377736e-05
364.0 0.9999645 1.3327592e-05
365.0 0.99996334 1.434649e-05
366.0 0.99996215 1.5439131e-05
367.0 0.99996114 1.6610531e-05
368.0 0.9999598 1.7866067e-05
369.0 0.99995834 1.9211348e-05
370.0 0.99995697 2.0652413e-05
371.0 0.99995536 2.219567e-05
372.0 0.9999536 2.3847912e-05
373.0 0.99995196 2.5616322e-05
374.0 0.99994993 2.7508577e-05
375.0 0.99994785 2.9532775e-05
376.0 0.9999458 3.1697564e-05
377.0 0.9999435 3.4012017e-05
378.0 0.9999409 3.64859e-05
379.0 0.99993825 3.91294e-05
380.0 0.9999354 4.1953404e-05
381.0 0.9999323 4.496949e-05
382.0 0.9999291 4.8189744e-05
383.0 0.99992573 5.162708e-05
384.0 0.99992204 5.5295244e-05
385.0 0.9999181 5.920849e-05
386.0 0.99991393 6.338228e-05
387.0 0.9999095 6.7832676e-05
388.0 0.9999047 7.257672e-05
389.0 0.9998996 7.763243e-05
390.0 0.9998942 8.301894e-05
391.0 0.9998884 8.8756235e-05
392.0 0.9998823 9.4865456e-05
393.0 0.9998756 0.00010136918
394.0 0.99986875 0.000108290966
395.0 0.9998614 0.00011565573
396.0 0.9998536 0.00012348946
397.0 0.99984515 0.0001318204
398.0 0.99983627 0.00014067741
399.0 0.9998268 0.00015009116
400.0 0.9998169 0.0001600942
401.0 0.99980617 0.00017072019
402.0 0.99979496 0.00018200549
403.0 0.9997828 0.00019398751
404.0 0.99977016 0.00020670597
405.0 0.9997567 0.00022020272
406.0 0.9997423 0.00023452111
407.0 0.99972713 0.00024970775
408.0 0.999711 0.00026581076
409.0 0.9996939 0.00028288097
410.0 0.99967563 0.00030097165
411.0 0.99965656 0.0003201391
412.0 0.9996363 0.00034044153
413.0 0.9996147 0.00036194082
414.0 0.9995919 0.0003847017
415.0 0.9995678 0.00040879147
416.0 0.99954224 0.00043428125
417.0 0.99951524 0.00046124525
418.0 0.9994867 0.0004897616
419.0 0.99945664 0.00051991123
420.0 0.9994247 0.00055177964
421.0 0.99939096 0.00058545556
422.0 0.9993553 0.00062103255
423.0 0.9993179 0.00065860816
424.0 0.9992781 0.0006982838
425.0 0.999236 0.000740166
426.0 0.9991919 0.00078436575
427.0 0.99914527 0.00083099934
428.0 0.99909604 0.0008801872
429.0 0.9990442 0.0009320562
430.0 0.99898946 0.0009867379
431.0 0.99893194 0.0010443693
432.0 0.9988712 0.0011050934
433.0 0.9988072 0.0011690597
434.0 0.9987399 0.0012364229
435.0 0.9986689 0.0013073459
436.0 0.9985942 0.001381995
437.0 0.99851567 0.0014605457
438.0 0.9984331 0.0015431807
439.0 0.99834603 0.0016300885
440.0 0.99825454 0.0017214667
441.0 0.9981587 0.0018175185
442.0 0.99805766 0.0019184567
443.0 0.9979515 0.0020245013
444.0 0.99784017 0.0021358803
445.0 0.9977231 0.002252831
446.0 0.9976004 0.002375599
447.0 0.99747145 0.0025044377
448.0 0.99733627 0.0026396129
449.0 0.99719435 0.002781397
450.0 0.99704576 0.002930072
451.0 0.9968898 0.003085932
452.0 0.9967264 0.0032492778
453.0 0.9965553 0.003420425
454.0 0.9963759 0.0035996963
455.0 0.9961882 0.0037874244
456.0 0.99599165 0.0039839568
457.0 0.99578595 0.004189647
458.0 0.99557066 0.0044048643
459.0 0.99534553 0.0046299873
460.0 0.99511003 0.0048654075
461.0 0.9948639 0.0051115267
462.0 0.9946066 0.00536876
463.0 0.9943378 0.005637535
464.0 0.99405694 0.0059182895
465.0 0.9937638 0.0062114773
466.0 0.9934577 0.006517564
467.0 0.99313825 0.0068370258
468.0 0.99280477 0.0071703503
469.0 0.99245715 0.0075180447
470.0 0.9920944 0.007880624
471.0 0.99171644 0.00825862
472.0 0.99132234 0.008652573
473.0 0.99091184 0.009063043
474.0 0.99048436 0.009490596
475.0 0.9900391 0.009935818
476.0 0.9895756 0.010399304
477.0 0.9890932 0.010881668
478.0 0.9885913 0.011383528
479.0 0.9880693 0.011905525
480.0 0.9875265 0.012448308
481.0 0.9869622 0.0130125405
482.0 0.9863758 0.013598895
483.0 0.9857666 0.014208062
484.0 0.985134 0.014840748
485.0 0.98447704 0.015497659
486.0 0.9837951 0.016179526
487.0 0.9830874 0.016887087
488.0 0.98235357 0.017621092
489.0 0.98159224 0.018382305
490.0 0.980803 0.019171497
491.0 0.97998506 0.01998945
492.0 0.97913754 0.020836957
493.0 0.9782596 0.021714821
494.0 0.97735053 0.022623857
495.0 0.97640944 0.023564883
496.0 0.9754356 0.02453873
497.0 0.97442794 0.025546242
498.0 0.97338605 0.026588263
499.0 0.9723085 0.027665637
500.0 0.9711949 0.028779233
501.0 0.9700442 0.02992991
502.0 0.9688555 0.03111853
503.0 0.9676282 0.03234597
504.0 0.9663609 0.03361312
505.0 0.9650531 0.03492083
506.0 0.96370393 0.036269993
507.0 0.96231246 0.037661485
508.0 0.96087766 0.03909618
509.0 0.959399 0.04057497
510.0 0.95787513 0.042098723
511.0 0.9563056 0.043668307
512.0 0.95468926 0.045284588
513.0 0.95302534 0.04694843
514.0 0.95131296 0.04866069
515.0 0.94955146 0.050422225
516.0 0.94773966 0.052233864
517.0 0.945877 0.05409643
518.0 0.9439627 0.056010757
519.0 0.94199574 0.057977635
520.0 0.93997544 0.05999787
521.0 0.93790114 0.062072232
522.0 0.9357719 0.06420148
523.0 0.933587 0.06638637
524.0 0.9313457 0.06862761
525.0 0.9290474 0.07092591
526.0 0.92669135 0.073281944
527.0 0.9242767 0.0756964
528.0 0.9218034 0.0781699
529.0 0.9192701 0.08070306
530.0 0.9166769 0.08329645
531.0 0.9140227 0.08595063
532.0 0.91130716 0.08866616
533.0 0.90852976 0.09144351
534.0 0.9056902 0.09428312
535.0 0.9027877 0.09718548
536.0 0.89982224 0.10015094
537.0 0.89679325 0.1031799
538.0 0.89370036 0.10627264
539.0 0.8905436 0.1094295
540.0 0.8873223 0.11265066
541.0 0.8840367 0.11593638
542.0 0.88068616 0.11928682
543.0 0.8772709 0.12270207
544.0 0.87379074 0.12618226
545.0 0.8702456 0.12972733
546.0 0.8666356 0.13333741
547.0 0.8629607 0.13701233
548.0 0.85922086 0.14075202
549.0 0.8554166 0.14455627
550.0 0.85154796 0.14842495
551.0 0.8476151 0.15235782
552.0 0.8436184 0.15635449
553.0 0.8395583 0.1604147
554.0 0.83543503 0.1645379
555.0 0.83124924 0.16872382
556.0 0.8270012 0.17297176
557.0 0.8226916 0.17728126
558.0 0.8183213 0.1816517
559.0 0.8138907 0.18608232
560.0 0.8094004 0.19057247
561.0 0.8048515 0.1951214
562.0 0.8002447 0.19972816
563.0 0.79558074 0.20439196
564.0 0.79086095 0.20911184
565.0 0.786086 0.21388677
566.0 0.78125703 0.21871573
567.0 0.7763752 0.22359762
568.0 0.7714415 0.22853124
569.0 0.7664573 0.23351547
570.0 0.7614236 0.23854902
571.0 0.7563421 0.24363057
572.0 0.75121385 0.2487588
573.0 0.74604046 0.2539322
574.0 0.7408231 0.2591495
575.0 0.7355635 0.26440904
576.0 0.7302632 0.2697094
577.0 0.7249237 0.27504885
578.0 0.7195466 0.2804259
579.0 0.7141336 0.28583884
580.0 0.7086866 0.29128593
581.0 0.703207 0.29676548
582.0 0.6976968 0.30227566
583.0 0.69215775 0.30781466
584.0 0.68659174 0.3133806
585.0 0.6810007 0.3189717
586.0 0.6753863 0.32458588
587.0 0.6697509 0.3302213
588.0 0.66409624 0.33587605
589.0 0.65842426 0.34154806
590.0 0.65273696 0.34723532
591.0 0.64703643 0.3529358
592.0 0.6413249 0.35864747
593.0 0.635604 0.36436823
594.0 0.62987626 0.37009597
595.0 0.6241436 0.37582868
596.0 0.61840796 0.3815642
597.0 0.61267185 0.38730037
598.0 0.6069371 0.3930352
599.0 0.6012057 0.39876646
600.0 0.5954802 0.40449205
601.0 0.5897622 0.41020983
602.0 0.58405435 0.4159178
603.0 0.5783583 0.4216137
604.0 0.5726765 0.42729557
605.0 0.5670108 0.43296126
606.0 0.56136346 0.43860862
607.0 0.5557364 0.44423568
608.0 0.5501318 0.44984034
609.0 0.5445514 0.4554206
610.0 0.53899753 0.4609745
611.0 0.53347206 0.4665
612.0 0.5279768 0.47199515
613.0 0.522514 0.47745803
614.0 0.5170851 0.48288673
615.0 0.5116925 0.48827946
616.0 0.5063377 0.49363437
617.0 0.5010224 0.49894956
618.0 0.49574864 0.5042232
619.0 0.49051803 0.50945395
620.0 0.4853322 0.51463974
621.0 0.48019284 0.5197792
622.0 0.4751016 0.52487046
623.0 0.47005993 0.529912
624.0 0.46506947 0.53490263
625.0 0.46013153 0.53984046
626.0 0.4552476 0.54472446
627.0 0.45041907 0.54955304
628.0 0.44564727 0.55432487
629.0 0.4409333 0.5590388
630.0 0.43627858 0.5636934
631.0 0.43168408 0.56828797
632.0 0.42715108 0.57282096
633.0 0.42268062 0.5772916
634.0 0.41827348 0.58169866
635.0 0.41393077 0.58604145
636.0 0.40965334 0.5903188
637.0 0.40544203 0.5945301
638.0 0.4012975 0.59867454
639.0 0.39722064 0.6027515
640.0 0.39321193 0.60676014
641.0 0.38927215 0.61069995
642.0 0.38540167 0.6145704
643.0 0.38160104 0.6183709
644.0 0.3778708 0.6221012
645.0 0.37421107 0.6257608
646.0 0.3706224 0.6293494
647.0 0.36710498 0.632867
648.0 0.36365893 0.636313
649.0 0.3602845 0.6396874
650.0 0.35698175 0.64299
651.0 0.35375085 0.64622104
652.0 0.35059157 0.6493803
653.0 0.347504 0.65246785
654.0 0.34448802 0.65548384
655.0 0.34154344 0.65842843
656.0 0.3386701 0.66130173
657.0 0.33586773 0.66410404
658.0 0.33313593 0.6668357
659.0 0.3304745 0.66949713
660.0 0.327883 0.6720886
661.0 0.32536116 0.67461056
662.0 0.32290816 0.67706347
663.0 0.32052386 0.6794479
664.0 0.31820738 0.6817643
665.0 0.3159584 0.68401325
666.0 0.3137761 0.6861955
667.0 0.31165996 0.68831164
668.0 0.30960923 0.69036245
669.0 0.3076232 0.69234836
670.0 0.3057011 0.69427055
671.0 0.3038422 0.69612956
672.0 0.30204552 0.69792616
673.0 0.3003104 0.69966125
674.0 0.29863593 0.7013358
675.0 0.29702115 0.7029504
676.0 0.29546532 0.7045063
677.0 0.2939673 0.7060044
678.0 0.29252625 0.7074454
679.0 0.29114115 0.7088304
680.0 0.28981104 0.71016043
681.0 0.28853494 0.7114365
682.0 0.28731194 0.71265954
683.0 0.28614074 0.7138306
684.0 0.28502053 0.7149508
685.0 0.28395027 0.7160212
686.0 0.28292876 0.7170427
687.0 0.2819549 0.7180164
688.0 0.2810279 0.71894336
689.0 0.28014648 0.7198247
690.0 0.27930957 0.7206617
691.0 0.27851614 0.72145504
692.0 0.27776515 0.7222061
693.0 0.27705538 0.7229158
694.0 0.2763859 0.72358525
695.0 0.2757556 0.72421557
696.0 0.27516335 0.72480774
697.0 0.27460817 0.725363
698.0 0.27408895 0.7258822
699.0 0.2736046 0.7263664
700.0 0.27315417 0.7268169
701.0 0.2727365 0.72723436
702.0 0.2723506 0.72762036
703.0 0.27199554 0.72797537
704.0 0.27167016 0.72830075
705.0 0.27137357 0.7285973
706.0 0.2711048 0.7288661
707.0 0.27086276 0.7291081
708.0 0.27064654 0.7293242
709.0 0.2704552 0.72951555
710.0 0.2702878 0.729683
711.0 0.2701434 0.7298274
712.0 0.27002114 0.7299496
713.0 0.26992 0.7300508
714.0 0.26983935 0.7301313
715.0 0.269778 0.7301926
716.0 0.2697354 0.7302352
717.0 0.26971057 0.7302599
718.0 0.26970273 0.7302678
719.0 0.26971108 0.7302594
720.0 0.26973486 0.73023564
721.0 0.2697733 0.7301972
722.0 0.2698257 0.7301449
723.0 0.2698912 0.7300793
724.0 0.26996922 0.7300012
725.0 0.2700591 0.7299113
726.0 0.2701601 0.7298103
727.0 0.27027154 0.7296989
728.0 0.27039284 0.72957754
729.0 0.2705234 0.729447
730.0 0.27066258 0.72930753
731.0 0.2708098 0.7291605
732.0 0.27096456 0.7290058
733.0 0.2711262 0.728844
734.0 0.2712943 0.72867596
735.0 0.2714683 0.72850186
736.0 0.27164775 0.72832227
737.0 0.27183217 0.728138
738.0 0.27202106 0.72794914
739.0 0.27221397 0.7277561
740.0 0.2724105 0.72755945
741.0 0.2726103 0.72735965
742.0 0.27281293 0.7271571
743.0 0.27301794 0.7269521
744.0 0.27322513 0.7267449
745.0 0.273434 0.7265359
746.0 0.27364433 0.72632563
747.0 0.27385572 0.72611415
748.0 0.27406782 0.725902
749.0 0.27428058 0.72568935
750.0 0.27449352 0.72547644
751.0 0.27470636 0.7252635
752.0 0.27491903 0.7250508
753.0 0.27513117 0.7248387
754.0 0.27534252 0.72462726
755.0 0.27555293 0.72441673
756.0 0.27576226 0.7242074
757.0 0.27597025 0.7239995
758.0 0.27617675 0.72379297
759.0 0.27638152 0.7235881
760.0 0.27658454 0.72338516
761.0 0.27678555 0.723184
762.0 0.2769845 0.72298515
763.0 0.2771812 0.72278845
764.0 0.27737558 0.722594
765.0 0.2775675 0.7224021
766.0 0.27775687 0.7222128
767.0 0.27794364 0.7220259
768.0 0.27812764 0.7218418
769.0 0.2783089 0.7216606
770.0 0.27848738 0.72148216
771.0 0.27866286 0.7213067
772.0 0.27883536 0.72113407
773.0 0.27900493 0.7209646
774.0 0.2791714 0.72079813
775.0 0.2793348 0.7206346
776.0 0.27949506 0.72047436
777.0 0.2796523 0.7203171
778.0 0.27980632 0.72016317
779.0 0.27995718 0.72001207
780.0 0.28010488 0.7198645
781.0 0.28024945 0.71972
782.0 0.28039086 0.71957844
783.0 0.28052905 0.71944016
784.0 0.28066415 0.7193051
785.0 0.28079608 0.7191732
786.0 0.28092486 0.7190444
787.0 0.28105056 0.71891874
788.0 0.28117317 0.718796
789.0 0.28129277 0.7186765
790.0 0.2814093 0.71855974
791.0 0.28152284 0.71844625
792.0 0.2816334 0.7183356
793.0 0.28174108 0.71822786
794.0 0.28184596 0.7181231
795.0 0.28194785 0.71802115
796.0 0.28204697 0.717922
797.0 0.28214327 0.7178257
798.0 0.28223687 0.71773213
799.0 0.28232777 0.7176411
800.0 0.282416 0.7175529
801.0 0.2825017 0.7174672
802.0 0.28258488 0.717384
803.0 0.28266543 0.7173034
804.0 0.28274363 0.7172252
805.0 0.28281936 0.7171494
806.0 0.28289276 0.71707594
807.0 0.28296384 0.7170049
808.0 0.28303266 0.7169361
809.0 0.2830993 0.7168695
810.0 0.28316373 0.716805
811.0 0.28322613 0.7167426
812.0 0.28328645 0.7166823
813.0 0.28334463 0.7166241
814.0 0.28340095 0.71656775
815.0 0.2834553 0.7165133
816.0 0.28350788 0.7164608
817.0 0.2835586 0.71641016
818.0 0.28360748 0.7163611
819.0 0.2836547 0.7163139
820.0 0.28370023 0.71626836
821.0 0.28374404 0.7162245
822.0 0.28378642 0.7161822
823.0 0.2838272 0.71614146
824.0 0.2838664 0.71610224
825.0 0.28390425 0.7160644
826.0 0.2839406 0.716028
827.0 0.28397566 0.715993
828.0 0.28400937 0.7159592
829.0 0.28404173 0.71592677
830.0 0.2840729 0.7158956
831.0 0.28410286 0.7158657
832.0 0.28413168 0.71583676
833.0 0.28415924 0.7158092
834.0 0.28418583 0.7157826
835.0 0.28421134 0.7157571
836.0 0.28423575 0.7157327
837.0 0.28425926 0.7157092
838.0 0.28428182 0.71568674
839.0 0.2843034 0.71566504
840.0 0.2843241 0.7156443
841.0 0.2843439 0.7156246
842.0 0.28436294 0.7156055
843.0 0.28438115 0.7155872
844.0 0.28439862 0.71556985
845.0 0.2844153 0.71555305
846.0 0.28443134 0.7155372
847.0 0.2844466 0.7155218
848.0 0.2844612 0.71550703
849.0 0.2844752 0.71549296
850.0 0.28448862 0.7154797
851.0 0.28450137 0.71546686
852.0 0.28451353 0.71545476
853.0 0.2845252 0.71544296
854.0 0.28453636 0.71543187
855.0 0.28454697 0.71542126
856.0 0.28455716 0.7154112
857.0 0.28456682 0.71540153
858.0 0.2845761 0.7153923
859.0 0.28458488 0.71538335
860.0 0.28459328 0.71537507
861.0 0.28460124 0.71536684
862.0 0.2846089 0.71535945
863.0 0.28461617 0.71535206
864.0 0.28462306 0.71534514
865.0 0.28462973 0.7153386
866.0 0.28463596 0.71533215
867.0 0.28464198 0.7153262
868.0 0.28464758 0.7153207
869.0 0.28465298 0.7153151
870.0 0.2846581 0.71531004
871.0 0.28466302 0.71530527
872.0 0.28466764 0.71530044
873.0 0.28467205 0.71529615
874.0 0.28467625 0.715292
875.0 0.28468025 0.7152878
876.0 0.28468397 0.71528417
877.0 0.28468764 0.7152806
878.0 0.28469098 0.71527714
879.0 0.2846942 0.71527386
880.0 0.2846972 0.7152709
881.0 0.2847001 0.715268
882.0 0.28470284 0.7152653
883.0 0.28470543 0.71526265
884.0 0.28470787 0.7152602
885.0 0.28471026 0.7152578
886.0 0.28471243 0.7152558
887.0 0.28471452 0.7152535
888.0 0.28471643 0.71525156
889.0 0.2847183 0.7152497
890.0 0.28472012 0.715248
891.0 0.28472176 0.7152463
892.0 0.28472334 0.71524477
893.0 0.28472477 0.7152432
894.0 0.28472617 0.71524185
895.0 0.28472757 0.71524054
896.0 0.2847288 0.71523935
897.0 0.28472996 0.71523803
898.0 0.28473112 0.71523696
899.0 0.28473222 0.7152358
900.0 0.28473312 0.7152349
901.0 0.28473407 0.7152341
902.0 0.28473493 0.7152331
903.0 0.2847358 0.7152323
904.0 0.28473657 0.7152316
905.0 0.2847373 0.71523064
906.0 0.2847379 0.71523
907.0 0.28473866 0.7152294
908.0 0.28473926 0.7152288
909.0 0.28473982 0.7152283
910.0 0.28474036 0.7152276
911.0 0.28474084 0.715227
912.0 0.28474128 0.7152264
913.0 0.28474176 0.7152262
914.0 0.28474224 0.71522576
915.0 0.2847426 0.7152253
916.0 0.28474295 0.71522486
917.0 0.2847433 0.71522456
918.0 0.28474367 0.7152241
919.0 0.28474393 0.71522385
920.0 0.2847442 0.71522343
921.0 0.28474447 0.7152232
922.0 0.28474468 0.71522295
923.0 0.28474492 0.7152228
924.0 0.28474516 0.7152225
925.0 0.28474534 0.71522224
926.0 0.28474554 0.715222
927.0 0.28474575 0.71522194
928.0 0.28474587 0.7152217
929.0 0.28474605 0.7152214
930.0 0.28474617 0.7152213
931.0 0.2847463 0.71522117
932.0 0.28474647 0.71522105
933.0 0.28474656 0.7152209
934.0 0.28474674 0.7152207
935.0 0.2847467 0.7152207
936.0 0.28474686 0.7152206
937.0 0.28474694 0.7152204
938.0 0.28474697 0.7152202
939.0 0.28474706 0.7152202
940.0 0.28474718 0.7152201
941.0 0.28474724 0.71522
942.0 0.2847473 0.71522
943.0 0.2847473 0.71522
944.0 0.2847474 0.71521974
945.0 0.28474736 0.7152196
946.0 0.28474742 0.7152196
947.0 0.28474742 0.71521956
948.0 0.28474745 0.7152195
949.0 0.2847475 0.7152193
950.0 0.2847475 0.71521926
951.0 0.28474754 0.71521926
952.0 0.28474754 0.71521914
953.0 0.2847476 0.7152191
954.0 0.28474757 0.71521914
955.0 0.28474766 0.7152189
956.0 0.2847476 0.71521896
957.0 0.2847476 0.7152189
958.0 0.2847476 0.7152188
959.0 0.2847476 0.7152188
960.0 0.28474757 0.71521866
961.0 0.2847476 0.7152188
962.0 0.28474763 0.71521866
963.0 0.28474754 0.71521866
964.0 0.2847476 0.71521854
965.0 0.28474754 0.7152186
966.0 0.2847476 0.71521854
967.0 0.28474754 0.7152184
968.0 0.28474754 0.71521854
969.0 0.28474757 0.7152184
970.0 0.28474754 0.7152183
971.0 0.28474745 0.7152184
972.0 0.28474754 0.7152183
973.0 0.28474748 0.7152183
974.0 0.28474748 0.7152182
975.0 0.28474745 0.7152181
976.0 0.28474742 0.71521807
977.0 0.28474736 0.7152181
978.0 0.2847474 0.71521807
979.0 0.28474736 0.715218
980.0 0.28474736 0.71521795
981.0 0.2847473 0.71521807
982.0 0.2847473 0.7152179
983.0 0.28474727 0.7152179
984.0 0.28474724 0.71521777
985.0 0.28474727 0.7152178
986.0 0.28474724 0.7152177
987.0 0.2847472 0.71521765
988.0 0.28474727 0.7152175
989.0 0.28474718 0.7152175
990.0 0.2847472 0.7152175
991.0 0.28474718 0.7152176
992.0 0.28474715 0.7152175
993.0 0.28474712 0.7152175
994.0 0.2847471 0.71521723
995.0 0.2847471 0.71521735
996.0 0.28474712 0.7152171
997.0 0.2847471 0.7152171
998.0 0.28474706 0.715217
999.0 0.28474706 0.715217
1000.0 0.284747 0.71521693
1001.0 0.284747 0.715217
1002.0 0.28474694 0.7152168
1003.0 0.28474694 0.71521676
1004.0 0.2847469 0.7152167
1005.0 0.2847469 0.7152167
1006.0 0.2847469 0.7152167
1007.0 0.28474677 0.71521664
1008.0 0.2847468 0.71521664
1009.0 0.28474677 0.71521664
1010.0 0.2847467 0.7152165
1011.0 0.28474674 0.71521646
1012.0 0.2847467 0.7152164
1013.0 0.2847467 0.7152163
1014.0 0.2847467 0.71521616
1015.0 0.28474668 0.7152163
1016.0 0.28474665 0.71521616
1017.0 0.28474665 0.71521616
1018.0 0.28474665 0.7152162
1019.0 0.2847466 0.71521616
1020.0 0.2847466 0.715216
1021.0 0.28474656 0.715216
1022.0 0.28474656 0.7152159
1023.0 0.28474647 0.7152158
1024.0 0.2847465 0.7152158
1025.0 0.28474647 0.71521574
1026.0 0.2847464 0.7152157
1027.0 0.28474635 0.7152157
1028.0 0.2847464 0.7152156
1029.0 0.28474635 0.71521556
1030.0 0.28474632 0.71521544
1031.0 0.2847463 0.71521544
1032.0 0.2847463 0.7152153
1033.0 0.28474617 0.71521527
1034.0 0.28474626 0.7152153
1035.0 0.28474617 0.7152152
1036.0 0.28474623 0.715215
1037.0 0.2847461 0.7152151
1038.0 0.28474614 0.715215
1039.0 0.2847461 0.7152151
1040.0 0.28474605 0.71521485
1041.0 0.28474605 0.71521485
1042.0 0.284746 0.7152149
1043.0 0.28474605 0.71521485
1044.0 0.28474593 0.7152148
1045.0 0.2847459 0.7152147
1046.0 0.28474593 0.71521467
1047.0 0.28474596 0.7152146
1048.0 0.28474587 0.7152146
1049.0 0.28474578 0.7152145
1050.0 0.28474587 0.71521455
1051.0 0.2847458 0.7152145
1052.0 0.2847458 0.7152143
1053.0 0.28474575 0.7152144
1054.0 0.28474575 0.7152143
1055.0 0.2847457 0.7152143
1056.0 0.28474575 0.71521425
1057.0 0.2847457 0.71521425
1058.0 0.28474575 0.71521413
1059.0 0.2847457 0.715214
1060.0 0.28474563 0.715214
1061.0 0.28474557 0.71521395
1062.0 0.2847456 0.7152139
1063.0 0.28474554 0.7152139
1064.0 0.28474557 0.7152138
1065.0 0.28474554 0.71521366
1066.0 0.28474548 0.7152138
1067.0 0.28474545 0.71521366
1068.0 0.28474548 0.7152136
1069.0 0.2847454 0.7152134
1070.0 0.28474542 0.7152135
1071.0 0.28474534 0.7152133
1072.0 0.28474537 0.71521336
1073.0 0.28474537 0.7152132
1074.0 0.28474534 0.7152133
1075.0 0.28474528 0.71521306
1076.0 0.28474522 0.71521306
1077.0 0.28474528 0.7152131
1078.0 0.28474528 0.71521294
1079.0 0.28474528 0.71521294
1080.0 0.28474516 0.71521276
1081.0 0.28474516 0.7152129
1082.0 0.28474516 0.71521276
1083.0 0.2847451 0.7152127
1084.0 0.28474507 0.7152126
1085.0 0.2847451 0.7152126
1086.0 0.28474507 0.7152127
1087.0 0.28474504 0.7152126
1088.0 0.284745 0.71521235
1089.0 0.28474498 0.7152123
1090.0 0.28474495 0.7152123
1091.0 0.28474492 0.7152122
1092.0 0.28474492 0.7152122
1093.0 0.28474492 0.7152122
1094.0 0.2847448 0.715212
1095.0 0.28474483 0.7152121
1096.0 0.2847448 0.71521205
1097.0 0.28474474 0.715212
1098.0 0.28474477 0.715212
1099.0 0.28474477 0.71521205
1100.0 0.28474474 0.71521187
1101.0 0.28474465 0.71521187
1102.0 0.28474468 0.7152118
1103.0 0.28474462 0.71521175
1104.0 0.28474462 0.71521163
1105.0 0.28474462 0.7152115
1106.0 0.2847446 0.7152115
1107.0 0.28474456 0.7152115
1108.0 0.28474456 0.7152115
1109.0 0.2847445 0.71521133
1110.0 0.2847445 0.7152113
1111.0 0.28474444 0.7152113
1112.0 0.2847445 0.7152113
1113.0 0.28474444 0.7152113
1114.0 0.28474444 0.71521103
1115.0 0.2847444 0.7152109
1116.0 0.28474435 0.715211
1117.0 0.2847443 0.71521086
1118.0 0.28474426 0.71521086
1119.0 0.28474426 0.71521074
1120.0 0.28474423 0.7152107
1121.0 0.28474423 0.7152106
1122.0 0.2847442 0.71521056
1123.0 0.28474414 0.71521056
1124.0 0.28474408 0.71521044
1125.0 0.28474408 0.71521044
1126.0 0.28474408 0.7152105
1127.0 0.28474405 0.7152104
1128.0 0.28474408 0.7152103
1129.0 0.284744 0.7152102
1130.0 0.28474402 0.71521014
1131.0 0.284744 0.71521
1132.0 0.28474393 0.71521014
1133.0 0.28474393 0.7152101
1134.0 0.28474393 0.71520996
1135.0 0.28474382 0.71521
1136.0 0.28474382 0.71520996
1137.0 0.28474385 0.71520984
1138.0 0.28474376 0.7152098
1139.0 0.2847438 0.7152097
1140.0 0.2847438 0.7152097
1141.0 0.28474373 0.71520966
1142.0 0.28474367 0.7152096
1143.0 0.28474364 0.71520954
1144.0 0.28474367 0.71520954
1145.0 0.28474364 0.7152095
1146.0 0.2847436 0.7152093
1147.0 0.28474358 0.71520936
1148.0 0.28474358 0.7152093
1149.0 0.2847435 0.71520925
1150.0 0.2847435 0.7152091
1151.0 0.28474352 0.7152091
1152.0 0.2847435 0.715209
1153.0 0.28474346 0.715209
1154.0 0.2847434 0.715209
1155.0 0.28474337 0.71520895
1156.0 0.28474337 0.7152089
1157.0 0.28474337 0.71520877
1158.0 0.2847433 0.7152089
1159.0 0.28474325 0.71520877
1160.0 0.2847432 0.71520865
1161.0 0.28474328 0.71520865
1162.0 0.2847432 0.71520865
1163.0 0.2847432 0.71520853
1164.0 0.2847432 0.7152084
1165.0 0.28474313 0.7152085
1166.0 0.2847431 0.7152084
1167.0 0.2847431 0.7152083
1168.0 0.2847431 0.71520823
1169.0 0.28474304 0.71520823
1170.0 0.284743 0.7152083
1171.0 0.284743 0.7152082
1172.0 0.28474298 0.7152081
1173.0 0.28474292 0.715208
1174.0 0.28474298 0.71520805
1175.0 0.284743 0.715208
1176.0 0.28474292 0.71520793
1177.0 0.2847429 0.7152078
1178.0 0.2847429 0.7152078
1179.0 0.28474283 0.7152077
1180.0 0.28474277 0.7152076
1181.0 0.28474283 0.71520746
1182.0 0.28474277 0.7152076
1183.0 0.28474277 0.7152076
1184.0 0.28474277 0.71520746
1185.0 0.28474274 0.71520746
1186.0 0.28474277 0.71520734
1187.0 0.2847427 0.7152073
1188.0 0.28474265 0.7152072
1189.0 0.28474265 0.71520716
1190.0 0.2847426 0.71520704
1191.0 0.2847426 0.7152071
1192.0 0.2847426 0.71520686
1193.0 0.28474253 0.71520704
1194.0 0.28474247 0.71520686
1195.0 0.28474244 0.71520686
1196.0 0.28474241 0.7152068
1197.0 0.2847424 0.71520674
1198.0 0.28474241 0.71520674
1199.0 0.28474233 0.71520674
