0.0 0.0014097046 0.9985903
1.0 0.0014475442 0.99855226
2.0 0.0014863828 0.9985131
3.0 0.0015262455 0.99847317
4.0 0.0015671577 0.99843204
5.0 0.0016091472 0.9983897
6.0 0.0016522402 0.9983466
7.0 0.0016964648 0.9983022
8.0 0.00174185 0.9982565
9.0 0.0017884243 0.9982099
10.0 0.0018362184 0.9981618
11.0 0.0018852623 0.9981127
12.0 0.0019355875 0.99806213
13.0 0.001987226 0.99801046
14.0 0.0020402102 0.99795717
15.0 0.0020945745 0.99790263
16.0 0.0021503514 0.99784666
17.0 0.0022075782 0.9977893
18.0 0.0022662885 0.9977304
19.0 0.0023265204 0.99767005
20.0 0.0023883106 0.99760795
21.0 0.0024516974 0.99754447
22.0 0.0025167204 0.9974792
23.0 0.0025834194 0.9974125
24.0 0.002651834 0.9973438
25.0 0.0027220075 0.9972735
26.0 0.0027939817 0.9972012
27.0 0.0028678006 0.9971273
28.0 0.002943508 0.9970515
29.0 0.0030211504 0.99697363
30.0 0.0031007733 0.9968939
31.0 0.0031824238 0.996812
32.0 0.003266151 0.99672806
33.0 0.0033520048 0.99664205
34.0 0.0034400336 0.99655384
35.0 0.0035302897 0.9964634
36.0 0.0036228262 0.9963707
37.0 0.0037176968 0.99627554
38.0 0.0038149548 0.99617803
39.0 0.0039146575 0.9960782
40.0 0.0040168595 0.99597573
41.0 0.004121621 0.9958709
42.0 0.004229001 0.9957634
43.0 0.004339058 0.99565303
44.0 0.004451854 0.9955401
45.0 0.0045674527 0.9954244
46.0 0.004685917 0.9953057
47.0 0.00480731 0.9951842
48.0 0.0049317023 0.99505967
49.0 0.0050591566 0.9949319
50.0 0.005189745 0.99480116
51.0 0.0053235358 0.9946671
52.0 0.0054605994 0.99452984
53.0 0.0056010103 0.9943892
54.0 0.005744841 0.9942451
55.0 0.005892166 0.9940975
56.0 0.0060430625 0.99394643
57.0 0.006197607 0.9937917
58.0 0.0063558808 0.9936333
59.0 0.0065179626 0.993471
60.0 0.0066839335 0.9933047
61.0 0.0068538766 0.9931346
62.0 0.007027876 0.99296033
63.0 0.007206019 0.9927821
64.0 0.0073883925 0.99259955
65.0 0.0075750826 0.9924126
66.0 0.0077661793 0.99222136
67.0 0.007961775 0.99202555
68.0 0.008161964 0.9918252
69.0 0.008366836 0.99162006
70.0 0.00857649 0.99141026
71.0 0.00879102 0.99119544
72.0 0.0090105245 0.99097586
73.0 0.009235105 0.990751
74.0 0.009464856 0.9905211
75.0 0.0096998885 0.990286
76.0 0.009940298 0.99004537
77.0 0.010186195 0.9897993
78.0 0.010437681 0.9895475
79.0 0.010694867 0.9892901
80.0 0.010957859 0.989027
81.0 0.01122677 0.98875785
82.0 0.011501709 0.98848265
83.0 0.011782788 0.98820144
84.0 0.012070125 0.9879137
85.0 0.01236383 0.9876199
86.0 0.012664022 0.9873195
87.0 0.012970822 0.9870125
88.0 0.01328434 0.9866986
89.0 0.013604704 0.9863783
90.0 0.013932029 0.9860507
91.0 0.014266441 0.985716
92.0 0.014608064 0.98537433
93.0 0.014957021 0.9850251
94.0 0.015313435 0.9846686
95.0 0.015677437 0.98430437
96.0 0.01604915 0.9839324
97.0 0.016428713 0.98355263
98.0 0.016816234 0.98316497
99.0 0.017211866 0.98276913
100.0 0.01761572 0.9823651
101.0 0.018027944 0.9819527
102.0 0.01844866 0.98153174
103.0 0.01887801 0.9811023
104.0 0.019316118 0.9806639
105.0 0.019763123 0.9802167
106.0 0.02021916 0.97976035
107.0 0.020684365 0.979295
108.0 0.02115887 0.97882044
109.0 0.021642819 0.9783363
110.0 0.022136342 0.97784257
111.0 0.022639578 0.9773391
112.0 0.02315266 0.9768257
113.0 0.02367573 0.9763025
114.0 0.024208926 0.97576916
115.0 0.024752382 0.9752255
116.0 0.025306236 0.9746714
117.0 0.025870629 0.97410685
118.0 0.026445694 0.9735316
119.0 0.027031563 0.9729455
120.0 0.027628377 0.9723485
121.0 0.028236281 0.9717405
122.0 0.028855395 0.9711213
123.0 0.02948586 0.9704907
124.0 0.030127812 0.9698485
125.0 0.030781385 0.96919465
126.0 0.03144671 0.96852916
127.0 0.032123923 0.9678519
128.0 0.03281314 0.9671625
129.0 0.033514507 0.966461
130.0 0.03422815 0.9657471
131.0 0.034954183 0.9650209
132.0 0.035692748 0.9642822
133.0 0.03644396 0.96353084
134.0 0.037207946 0.9627667
135.0 0.037984833 0.9619896
136.0 0.038774736 0.96119964
137.0 0.03957776 0.9603964
138.0 0.040394038 0.95957994
139.0 0.04122368 0.95875007
140.0 0.042066786 0.95790696
141.0 0.042923488 0.95704997
142.0 0.04379388 0.95617944
143.0 0.04467807 0.95529515
144.0 0.045576148 0.95439684
145.0 0.046488233 0.95348465
146.0 0.047414407 0.9525582
147.0 0.048354775 0.95161766
148.0 0.049309433 0.95066285
149.0 0.05027845 0.9496938
150.0 0.051261935 0.9487104
151.0 0.05225996 0.9477122
152.0 0.053272586 0.94669926
153.0 0.054299917 0.94567186
154.0 0.055342015 0.94462967
155.0 0.05639895 0.9435726
156.0 0.057470776 0.94250065
157.0 0.058557555 0.9414137
158.0 0.059659358 0.9403118
159.0 0.06077624 0.93919474
160.0 0.061908223 0.9380626
161.0 0.063055396 0.9369153
162.0 0.064217776 0.9357527
163.0 0.0653954 0.9345749
164.0 0.066588275 0.9333818
165.0 0.067796476 0.93217355
166.0 0.06902002 0.93095005
167.0 0.07025887 0.92971087
168.0 0.07151311 0.92845666
169.0 0.072782725 0.92718685
170.0 0.07406771 0.9259017
171.0 0.07536808 0.9246013
172.0 0.0766838 0.92328537
173.0 0.07801489 0.92195415
174.0 0.07936132 0.9206076
175.0 0.08072309 0.91924584
176.0 0.08210013 0.9178686
177.0 0.083492465 0.9164761
178.0 0.08490002 0.9150685
179.0 0.08632277 0.91364557
180.0 0.087760665 0.9122076
181.0 0.089213654 0.9107544
182.0 0.09068169 0.90928626
183.0 0.092164665 0.9078032
184.0 0.09366256 0.9063051
185.0 0.0951753 0.9047923
186.0 0.0967028 0.9032648
187.0 0.09824495 0.90172243
188.0 0.09980167 0.90016556
189.0 0.10137287 0.89859414
190.0 0.102958456 0.89700854
191.0 0.104558304 0.89540863
192.0 0.106172316 0.8937945
193.0 0.107800364 0.8921663
194.0 0.10944235 0.89052427
195.0 0.111098096 0.88886845
196.0 0.11276749 0.8871989
197.0 0.11445044 0.88551605
198.0 0.11614671 0.8838196
199.0 0.117856234 0.88210994
200.0 0.11957879 0.88038737
201.0 0.12131425 0.87865174
202.0 0.12306244 0.87690353
203.0 0.12482321 0.8751426
204.0 0.12659633 0.8733692
205.0 0.12838167 0.87158394
206.0 0.13017902 0.8697865
207.0 0.1319882 0.86797726
208.0 0.13380897 0.86615646
209.0 0.13564117 0.8643243
210.0 0.13748461 0.86248094
211.0 0.13933903 0.8606262
212.0 0.14120421 0.85876095
213.0 0.14308 0.8568852
214.0 0.1449661 0.85499895
215.0 0.14686231 0.8531028
216.0 0.14876837 0.8511965
217.0 0.15068409 0.84928066
218.0 0.15260923 0.8473556
219.0 0.15454349 0.8454212
220.0 0.15648666 0.843478
221.0 0.15843847 0.84152603
222.0 0.16039865 0.8395658
223.0 0.162367 0.8375975
224.0 0.16434321 0.83562124
225.0 0.166327 0.8336374
226.0 0.16831814 0.8316462
227.0 0.17031634 0.8296479
228.0 0.17232129 0.8276429
229.0 0.17433275 0.8256313
230.0 0.17635047 0.82361364
231.0 0.1783741 0.82158995
232.0 0.18040341 0.8195605
233.0 0.18243808 0.8175258
234.0 0.18447782 0.8154861
235.0 0.18652233 0.8134414
236.0 0.18857135 0.8113921
237.0 0.19062455 0.8093389
238.0 0.19268164 0.8072818
239.0 0.19474244 0.8052211
240.0 0.19680646 0.803157
241.0 0.1988735 0.8010899
242.0 0.20094326 0.79902
243.0 0.20301545 0.7969479
244.0 0.20508969 0.7948736
245.0 0.20716576 0.79279745
246.0 0.20924333 0.79071987
247.0 0.21132211 0.788641
248.0 0.2134018 0.78656125
249.0 0.2154821 0.78448105
250.0 0.21756262 0.78240037
251.0 0.21964322 0.7803197
252.0 0.2217235 0.7782393
253.0 0.22380315 0.77615964
254.0 0.22588193 0.7740809
255.0 0.22795948 0.77200323
256.0 0.23003556 0.769927
257.0 0.23210984 0.76785266
258.0 0.23418203 0.76578057
259.0 0.23625188 0.7637106
260.0 0.23831905 0.7616435
261.0 0.24038324 0.75957924
262.0 0.24244422 0.7575183
263.0 0.24450165 0.75546074
264.0 0.24655528 0.75340706
265.0 0.24860485 0.75135744
266.0 0.25065005 0.74931204
267.0 0.25269055 0.74727154
268.0 0.25472626 0.7452359
269.0 0.2567567 0.7432053
270.0 0.25878173 0.7411803
271.0 0.26080105 0.73916095
272.0 0.26281446 0.7371475
273.0 0.26482147 0.7351403
274.0 0.26682213 0.7331397
275.0 0.268816 0.7311456
276.0 0.27080292 0.72915876
277.0 0.27278268 0.727179
278.0 0.27475494 0.7252066
279.0 0.2767194 0.7232419
280.0 0.27867606 0.72128534
281.0 0.28062448 0.7193368
282.0 0.28256455 0.7173966
283.0 0.284496 0.7154652
284.0 0.28641862 0.7135425
285.0 0.28833222 0.7116288
286.0 0.29023653 0.7097245
287.0 0.29213142 0.7078296
288.0 0.29401666 0.7059443
289.0 0.295892 0.7040687
290.0 0.29775733 0.7022034
291.0 0.2996124 0.7003484
292.0 0.30145705 0.69850355
293.0 0.30329108 0.69666946
294.0 0.3051144 0.69484603
295.0 0.30692673 0.6930337
296.0 0.30872792 0.6912324
297.0 0.31051785 0.68944246
298.0 0.31229633 0.6876639
299.0 0.3140633 0.6858969
300.0 0.31581846 0.68414176
301.0 0.31756172 0.68239844
302.0 0.319293 0.6806672
303.0 0.32101208 0.678948
304.0 0.3227189 0.6772411
305.0 0.32441324 0.67554665
306.0 0.32609513 0.6738647
307.0 0.32776427 0.6721956
308.0 0.32942066 0.6705392
309.0 0.3310642 0.66889566
310.0 0.33269465 0.6672651
311.0 0.33431208 0.6656477
312.0 0.3359163 0.6640434
313.0 0.33750722 0.6624526
314.0 0.33908474 0.66087496
315.0 0.34064886 0.65931094
316.0 0.34219933 0.65776026
317.0 0.34373626 0.6562234
318.0 0.34525955 0.65470016
319.0 0.34676898 0.6531906
320.0 0.3482646 0.651695
321.0 0.3497464 0.6502131
322.0 0.3512142 0.6487453
323.0 0.352668 0.64729154
324.0 0.35410768 0.6458517
325.0 0.35553342 0.64442605
326.0 0.35694492 0.64301455
327.0 0.3583423 0.6416171
328.0 0.35972545 0.64023393
329.0 0.3610943 0.638865
330.0 0.362449 0.6375104
331.0 0.36378938 0.63617
332.0 0.36511537 0.634844
333.0 0.366427 0.6335322
334.0 0.36772442 0.6322348
335.0 0.3690074 0.63095176
336.0 0.37027606 0.62968326
337.0 0.37153035 0.6284289
338.0 0.3727703 0.627189
339.0 0.3739958 0.6259634
340.0 0.37520695 0.6247521
341.0 0.37640387 0.62355524
342.0 0.37758636 0.62237275
343.0 0.3787544 0.6212046
344.0 0.3799083 0.6200508
345.0 0.38104776 0.6189114
346.0 0.38217306 0.61778593
347.0 0.38328403 0.6166749
348.0 0.38438076 0.6155782
349.0 0.38546333 0.6144955
350.0 0.3865317 0.6134271
351.0 0.38758594 0.61237293
352.0 0.38862607 0.6113328
353.0 0.38965225 0.6103066
354.0 0.39066434 0.6092945
355.0 0.39166236 0.60829645
356.0 0.39264655 0.6073123
357.0 0.39361674 0.606342
358.0 0.3945731 0.60538566
359.0 0.39551586 0.60444295
360.0 0.39644468 0.60351396
361.0 0.3973599 0.6025988
362.0 0.39826143 0.6016972
363.0 0.39914942 0.60080916
364.0 0.40002388 0.5999347
365.0 0.40088493 0.5990735
366.0 0.40173256 0.598226
367.0 0.40256685 0.5973916
368.0 0.4033879 0.59657055
369.0 0.40419582 0.5957626
370.0 0.40499052 0.5949677
371.0 0.4057722 0.59418607
372.0 0.4065409 0.5934174
373.0 0.40729672 0.5926616
374.0 0.40803975 0.5919186
375.0 0.4087699 0.5911883
376.0 0.4094875 0.59047073
377.0 0.41019252 0.58976567
378.0 0.41088492 0.5890733
379.0 0.4115649 0.58839333
380.0 0.4122326 0.58772576
381.0 0.412888 0.5870702
382.0 0.41353118 0.586427
383.0 0.41416228 0.5857959
384.0 0.41478133 0.5851768
385.0 0.41538858 0.5845696
386.0 0.41598383 0.58397436
387.0 0.4165675 0.5833908
388.0 0.4171394 0.58281875
389.0 0.4176998 0.5822584
390.0 0.41824877 0.5817095
391.0 0.41878632 0.58117193
392.0 0.41931263 0.5806457
393.0 0.4198277 0.5801306
394.0 0.42033172 0.57962644
395.0 0.42082477 0.57913345
396.0 0.42130688 0.5786513
397.0 0.42177826 0.57817996
398.0 0.42223892 0.57771933
399.0 0.42268902 0.5772692
400.0 0.42312875 0.57682943
401.0 0.423558 0.57640016
402.0 0.42397696 0.57598126
403.0 0.42438582 0.5755725
404.0 0.42478454 0.57517374
405.0 0.4251734 0.57478493
406.0 0.4255523 0.5744059
407.0 0.42592156 0.5740366
408.0 0.42628118 0.5736772
409.0 0.4266312 0.57332706
410.0 0.4269719 0.5729861
411.0 0.4273033 0.57265496
412.0 0.42762542 0.5723327
413.0 0.42793858 0.5720196
414.0 0.4282427 0.5717154
415.0 0.428538 0.5714201
416.0 0.4288246 0.5711335
417.0 0.42910254 0.57085556
418.0 0.42937204 0.5705861
419.0 0.42963308 0.570325
420.0 0.42988592 0.5700723
421.0 0.43013054 0.5698277
422.0 0.4303671 0.5695911
423.0 0.4305958 0.5693624
424.0 0.43081668 0.56914145
425.0 0.43102992 0.56892824
426.0 0.4312355 0.5687227
427.0 0.4314337 0.56852436
428.0 0.4316246 0.5683336
429.0 0.43180826 0.5681499
430.0 0.4319848 0.5679734
431.0 0.43215442 0.56780374
432.0 0.4323172 0.567641
433.0 0.4324733 0.567485
434.0 0.43262267 0.56733555
435.0 0.4327657 0.5671926
436.0 0.43290225 0.56705594
437.0 0.43303263 0.5669256
438.0 0.4331569 0.56680137
439.0 0.4332751 0.56668305
440.0 0.4333875 0.5665708
441.0 0.4334941 0.5664641
442.0 0.43359518 0.5663631
443.0 0.4336906 0.5662676
444.0 0.43378073 0.5661775
445.0 0.43386555 0.5660927
446.0 0.43394527 0.566013
447.0 0.43401992 0.56593835
448.0 0.43408963 0.5658687
449.0 0.4341547 0.5658035
450.0 0.434215 0.5657432
451.0 0.4342708 0.56568754
452.0 0.43432212 0.56563604
453.0 0.4343692 0.5655891
454.0 0.434412 0.5655463
455.0 0.43445083 0.56550753
456.0 0.43448555 0.56547266
457.0 0.4345166 0.5654417
458.0 0.43454385 0.5654146
459.0 0.4345675 0.5653908
460.0 0.4345876 0.56537074
461.0 0.43460435 0.565354
462.0 0.43461788 0.5653404
463.0 0.4346282 0.56533015
464.0 0.43463546 0.565323
465.0 0.4346397 0.5653186
466.0 0.43464118 0.5653171
467.0 0.43464 0.56531847
468.0 0.43463606 0.5653223
469.0 0.4346297 0.56532866
470.0 0.43462086 0.56533754
471.0 0.4346097 0.5653487
472.0 0.43459636 0.56536204
473.0 0.43458095 0.5653776
474.0 0.43456343 0.56539506
475.0 0.43454397 0.56541455
476.0 0.43452275 0.56543577
477.0 0.43449977 0.5654588
478.0 0.43447512 0.56548345
479.0 0.43444896 0.5655095
480.0 0.43442127 0.5655372
481.0 0.4343922 0.5655663
482.0 0.43436193 0.5655967
483.0 0.4343304 0.5656282
484.0 0.43429768 0.5656608
485.0 0.434264 0.5656945
486.0 0.4342293 0.56572926
487.0 0.43419373 0.56576496
488.0 0.4341573 0.56580126
489.0 0.43412015 0.56583846
490.0 0.43408233 0.5658763
491.0 0.43404388 0.56591475
492.0 0.43400496 0.56595373
493.0 0.43396547 0.5659933
494.0 0.43392557 0.5660331
495.0 0.43388543 0.5660734
496.0 0.43384492 0.5661138
497.0 0.43380415 0.5661547
498.0 0.43376333 0.5661956
499.0 0.43372226 0.5662366
500.0 0.43368113 0.56627774
501.0 0.43364006 0.56631887
502.0 0.43359894 0.56636006
503.0 0.4335579 0.56640095
504.0 0.43351704 0.56644195
505.0 0.43347633 0.56648266
506.0 0.43343577 0.56652325
507.0 0.43339548 0.5665636
508.0 0.43335545 0.56660354
509.0 0.43331578 0.56664324
510.0 0.43327647 0.5666827
511.0 0.43323755 0.5667216
512.0 0.43319905 0.5667602
513.0 0.4331609 0.5667983
514.0 0.43312323 0.56683606
515.0 0.43308613 0.5668732
516.0 0.43304944 0.56690985
517.0 0.4330134 0.566946
518.0 0.43297786 0.56698155
519.0 0.43294284 0.56701654
520.0 0.43290848 0.567051
521.0 0.43287474 0.5670848
522.0 0.4328416 0.56711805
523.0 0.43280903 0.5671505
524.0 0.43277723 0.5671825
525.0 0.432746 0.56721365
526.0 0.43271545 0.56724423
527.0 0.43268552 0.5672741
528.0 0.43265635 0.5673033
529.0 0.43262777 0.5673319
530.0 0.4326 0.5673598
531.0 0.43257287 0.567387
532.0 0.4325464 0.56741345
533.0 0.43252063 0.5674392
534.0 0.4324955 0.5674643
535.0 0.43247122 0.56748873
536.0 0.4324475 0.5675125
537.0 0.43242443 0.5675355
538.0 0.43240207 0.56755793
539.0 0.43238038 0.5675796
540.0 0.43235943 0.56760055
541.0 0.43233907 0.56762093
542.0 0.43231946 0.5676407
543.0 0.4323004 0.5676597
544.0 0.43228203 0.5676781
545.0 0.4322643 0.567696
546.0 0.43224716 0.5677131
547.0 0.43223065 0.5677296
548.0 0.43221468 0.5677456
549.0 0.4321994 0.567761
550.0 0.43218467 0.56777585
551.0 0.43217045 0.56779003
552.0 0.43215674 0.5678037
553.0 0.43214375 0.5678166
554.0 0.43213123 0.5678295
555.0 0.4321192 0.5678414
556.0 0.4321077 0.567853
557.0 0.43209666 0.567864
558.0 0.43208608 0.56787455
559.0 0.432076 0.5678847
560.0 0.43206644 0.5678942
561.0 0.43205723 0.5679035
562.0 0.4320485 0.56791234
563.0 0.43204013 0.5679207
564.0 0.43203223 0.56792855
565.0 0.43202472 0.5679361
566.0 0.43201762 0.56794333
567.0 0.4320109 0.5679501
568.0 0.4320044 0.56795657
569.0 0.43199834 0.5679627
570.0 0.43199265 0.5679685
571.0 0.43198723 0.56797385
572.0 0.43198213 0.56797904
573.0 0.4319773 0.56798387
574.0 0.43197274 0.5679885
575.0 0.43196845 0.5679929
576.0 0.43196452 0.567997
577.0 0.4319607 0.5680007
578.0 0.43195713 0.56800425
579.0 0.4319539 0.5680076
580.0 0.43195075 0.5680106
581.0 0.4319479 0.56801367
582.0 0.43194523 0.5680163
583.0 0.4319427 0.5680189
584.0 0.4319404 0.5680212
585.0 0.43193823 0.5680234
586.0 0.43193632 0.5680254
587.0 0.43193445 0.56802726
588.0 0.43193272 0.5680289
589.0 0.43193123 0.5680304
590.0 0.43192983 0.568032
591.0 0.43192858 0.5680333
592.0 0.43192738 0.56803447
593.0 0.4319263 0.5680356
594.0 0.43192536 0.5680367
595.0 0.4319244 0.5680375
596.0 0.43192366 0.56803834
597.0 0.4319229 0.56803906
598.0 0.43192232 0.5680397
599.0 0.43192172 0.5680403
600.0 0.4319213 0.5680408
601.0 0.43192083 0.5680412
602.0 0.4319205 0.56804156
603.0 0.43192017 0.56804186
604.0 0.43191987 0.56804216
605.0 0.43191963 0.5680424
606.0 0.43191952 0.5680425
607.0 0.43191934 0.56804276
608.0 0.43191925 0.56804276
609.0 0.43191913 0.568043
610.0 0.4319191 0.568043
611.0 0.4319191 0.568043
612.0 0.43191913 0.568043
613.0 0.4319191 0.56804305
614.0 0.43191916 0.5680429
615.0 0.4319192 0.5680429
616.0 0.4319193 0.5680429
617.0 0.4319194 0.56804276
618.0 0.43191952 0.56804264
619.0 0.43191957 0.5680426
620.0 0.4319197 0.5680425
621.0 0.4319198 0.5680424
622.0 0.43191987 0.5680423
623.0 0.43191993 0.56804204
624.0 0.4319201 0.5680419
625.0 0.4319203 0.5680419
626.0 0.43192038 0.5680417
627.0 0.43192053 0.56804156
628.0 0.43192068 0.56804144
629.0 0.43192077 0.5680413
630.0 0.43192095 0.5680412
631.0 0.431921 0.56804115
632.0 0.43192118 0.56804097
633.0 0.43192124 0.56804085
634.0 0.43192136 0.5680407
635.0 0.43192148 0.5680406
636.0 0.43192163 0.56804043
637.0 0.43192163 0.5680405
638.0 0.43192178 0.5680403
639.0 0.43192193 0.56804025
640.0 0.43192202 0.56804
641.0 0.43192205 0.56804
642.0 0.43192217 0.5680398
643.0 0.43192226 0.5680398
644.0 0.43192226 0.56803966
645.0 0.43192235 0.56803966
646.0 0.43192238 0.5680395
647.0 0.43192238 0.5680395
648.0 0.4319225 0.5680394
649.0 0.43192255 0.5680393
650.0 0.43192253 0.5680393
651.0 0.43192253 0.56803936
652.0 0.43192264 0.56803924
653.0 0.4319226 0.5680392
654.0 0.4319226 0.5680392
655.0 0.4319227 0.5680392
656.0 0.4319227 0.56803906
657.0 0.43192267 0.56803906
658.0 0.4319226 0.5680391
659.0 0.43192264 0.568039
660.0 0.43192267 0.56803906
661.0 0.4319226 0.56803894
662.0 0.43192264 0.56803906
663.0 0.43192267 0.56803894
664.0 0.43192264 0.56803906
665.0 0.43192267 0.56803894
666.0 0.4319226 0.56803906
667.0 0.43192273 0.56803906
668.0 0.4319226 0.56803906
669.0 0.43192264 0.56803894
670.0 0.43192258 0.56803894
671.0 0.43192255 0.56803906
672.0 0.43192255 0.56803906
673.0 0.4319225 0.56803906
674.0 0.4319225 0.56803906
675.0 0.43192244 0.56803906
676.0 0.43192238 0.568039
677.0 0.43192244 0.56803906
678.0 0.43192244 0.56803906
679.0 0.43192244 0.56803894
680.0 0.43192232 0.568039
681.0 0.43192238 0.56803906
682.0 0.43192226 0.56803894
683.0 0.43192226 0.568039
684.0 0.43192226 0.56803894
685.0 0.4319222 0.56803894
686.0 0.4319222 0.56803894
687.0 0.4319222 0.56803894
688.0 0.4319221 0.56803894
689.0 0.43192214 0.56803894
690.0 0.43192202 0.56803894
691.0 0.43192208 0.56803894
692.0 0.43192196 0.56803894
693.0 0.43192205 0.56803906
694.0 0.43192202 0.56803894
695.0 0.4319219 0.56803894
696.0 0.43192193 0.568039
697.0 0.4319219 0.56803894
698.0 0.4319219 0.568039
699.0 0.43192184 0.56803894
700.0 0.43192187 0.56803894
701.0 0.43192184 0.56803894
702.0 0.4319218 0.5680389
703.0 0.4319218 0.568039
704.0 0.43192178 0.56803894
705.0 0.43192178 0.56803894
706.0 0.43192178 0.5680389
707.0 0.43192172 0.56803894
708.0 0.43192175 0.5680389
709.0 0.43192172 0.568039
710.0 0.43192172 0.5680389
711.0 0.4319217 0.5680388
712.0 0.4319217 0.5680388
713.0 0.4319217 0.5680388
714.0 0.43192163 0.56803876
715.0 0.43192163 0.5680387
716.0 0.43192166 0.5680387
717.0 0.4319216 0.56803864
718.0 0.43192163 0.56803864
719.0 0.4319216 0.56803864
720.0 0.4319216 0.5680385
721.0 0.43192163 0.5680386
722.0 0.4319216 0.5680386
723.0 0.43192157 0.5680386
724.0 0.4319216 0.5680385
725.0 0.4319216 0.56803846
726.0 0.43192157 0.56803846
727.0 0.43192154 0.56803834
728.0 0.43192154 0.56803834
729.0 0.4319216 0.5680383
730.0 0.4319216 0.5680383
731.0 0.4319215 0.5680382
732.0 0.4319216 0.5680382
733.0 0.43192154 0.568038
734.0 0.43192154 0.5680381
735.0 0.43192154 0.5680381
736.0 0.43192157 0.568038
737.0 0.4319215 0.568038
738.0 0.4319215 0.56803787
739.0 0.43192157 0.56803787
740.0 0.4319215 0.56803775
741.0 0.43192154 0.56803775
742.0 0.43192148 0.56803775
743.0 0.4319216 0.5680376
744.0 0.43192148 0.5680376
745.0 0.4319216 0.56803757
746.0 0.43192154 0.5680375
747.0 0.4319216 0.56803745
748.0 0.43192157 0.56803745
749.0 0.43192157 0.56803745
750.0 0.43192163 0.5680374
751.0 0.43192163 0.5680374
752.0 0.4319216 0.5680373
753.0 0.4319215 0.5680372
754.0 0.4319216 0.56803715
755.0 0.4319216 0.5680371
756.0 0.4319216 0.56803703
757.0 0.43192163 0.56803703
758.0 0.4319216 0.5680369
759.0 0.4319217 0.5680369
760.0 0.43192166 0.56803685
761.0 0.43192163 0.5680368
762.0 0.43192166 0.5680368
763.0 0.43192166 0.5680367
764.0 0.4319217 0.5680367
765.0 0.43192172 0.5680366
766.0 0.4319217 0.56803656
767.0 0.4319217 0.56803644
768.0 0.4319217 0.56803644
769.0 0.4319217 0.5680363
770.0 0.43192172 0.56803626
771.0 0.4319217 0.5680362
772.0 0.43192172 0.5680362
773.0 0.43192172 0.5680362
774.0 0.43192166 0.56803614
775.0 0.43192172 0.56803596
776.0 0.43192172 0.56803596
777.0 0.43192175 0.568036
778.0 0.4319218 0.5680357
779.0 0.43192184 0.5680357
780.0 0.43192172 0.5680358
781.0 0.43192175 0.5680357
782.0 0.43192178 0.5680357
783.0 0.43192178 0.5680356
784.0 0.43192172 0.5680356
785.0 0.43192178 0.56803554
786.0 0.43192172 0.5680355
787.0 0.4319218 0.56803536
788.0 0.43192184 0.56803536
789.0 0.43192172 0.56803536
790.0 0.43192184 0.56803536
791.0 0.43192184 0.56803524
792.0 0.43192184 0.5680352
793.0 0.43192187 0.5680351
794.0 0.43192187 0.5680351
795.0 0.4319218 0.568035
796.0 0.43192184 0.5680349
797.0 0.4319219 0.5680348
798.0 0.4319219 0.56803477
799.0 0.43192187 0.56803477
800.0 0.43192193 0.5680347
801.0 0.43192196 0.5680347
802.0 0.43192193 0.5680347
803.0 0.43192196 0.56803465
804.0 0.43192196 0.5680346
805.0 0.43192202 0.5680345
806.0 0.4319219 0.56803435
807.0 0.43192193 0.5680344
808.0 0.43192196 0.5680344
809.0 0.43192202 0.5680343
810.0 0.43192193 0.5680343
811.0 0.431922 0.56803423
812.0 0.43192196 0.56803423
813.0 0.43192196 0.5680342
814.0 0.43192196 0.56803405
815.0 0.43192196 0.56803405
816.0 0.43192196 0.56803405
817.0 0.43192196 0.56803393
818.0 0.43192193 0.56803393
819.0 0.43192193 0.56803393
820.0 0.431922 0.56803393
821.0 0.431922 0.5680338
822.0 0.43192202 0.5680338
823.0 0.43192202 0.5680338
824.0 0.43192202 0.5680337
825.0 0.43192205 0.56803375
826.0 0.43192202 0.56803375
827.0 0.43192202 0.56803375
828.0 0.43192202 0.5680337
829.0 0.43192202 0.56803364
830.0 0.43192202 0.56803346
831.0 0.43192202 0.56803346
832.0 0.43192196 0.56803346
833.0 0.43192205 0.56803334
834.0 0.43192208 0.56803346
835.0 0.43192202 0.5680334
836.0 0.43192202 0.56803334
837.0 0.43192202 0.5680333
838.0 0.431922 0.5680332
839.0 0.43192208 0.5680333
840.0 0.43192202 0.5680332
841.0 0.43192202 0.5680331
842.0 0.43192205 0.56803304
843.0 0.43192208 0.568033
844.0 0.43192208 0.5680331
845.0 0.43192208 0.568033
846.0 0.43192208 0.56803286
847.0 0.43192214 0.56803286
848.0 0.4319221 0.5680329
849.0 0.43192208 0.56803286
850.0 0.43192208 0.56803274
851.0 0.43192217 0.5680328
852.0 0.4319221 0.5680327
853.0 0.43192214 0.5680326
854.0 0.43192214 0.5680326
855.0 0.4319222 0.5680325
856.0 0.43192214 0.5680324
857.0 0.43192214 0.5680324
858.0 0.43192214 0.56803244
859.0 0.43192217 0.5680324
860.0 0.43192217 0.5680324
861.0 0.43192214 0.5680324
862.0 0.43192214 0.5680324
863.0 0.43192214 0.5680323
864.0 0.43192214 0.5680324
865.0 0.4319222 0.5680322
866.0 0.4319222 0.56803226
867.0 0.4319222 0.5680322
868.0 0.43192214 0.5680322
869.0 0.43192214 0.5680322
870.0 0.4319221 0.56803226
871.0 0.43192217 0.568032
872.0 0.4319222 0.56803215
873.0 0.43192217 0.56803215
874.0 0.4319222 0.5680321
875.0 0.4319222 0.56803215
876.0 0.43192214 0.5680321
877.0 0.4319222 0.5680319
878.0 0.4319222 0.5680319
879.0 0.4319222 0.5680319
880.0 0.43192217 0.56803197
881.0 0.43192223 0.56803197
882.0 0.4319222 0.5680319
883.0 0.4319222 0.5680319
884.0 0.43192214 0.56803185
885.0 0.43192214 0.56803185
886.0 0.4319221 0.56803185
887.0 0.43192223 0.5680318
888.0 0.43192217 0.5680317
889.0 0.43192208 0.5680318
890.0 0.43192214 0.5680318
891.0 0.43192214 0.56803167
892.0 0.43192217 0.5680316
893.0 0.4319222 0.5680317
894.0 0.43192214 0.5680316
895.0 0.43192208 0.56803167
896.0 0.4319221 0.56803155
897.0 0.4319221 0.56803155
898.0 0.4319221 0.56803143
899.0 0.43192217 0.5680315
900.0 0.43192208 0.56803143
901.0 0.43192208 0.5680314
902.0 0.43192214 0.56803143
903.0 0.4319221 0.5680313
904.0 0.43192214 0.56803125
905.0 0.4319221 0.5680312
906.0 0.43192214 0.5680312
907.0 0.43192217 0.5680312
908.0 0.43192208 0.5680312
909.0 0.43192214 0.5680313
910.0 0.43192214 0.5680312
911.0 0.43192208 0.56803113
912.0 0.4319221 0.5680311
913.0 0.4319221 0.5680311
914.0 0.43192208 0.56803113
915.0 0.43192208 0.5680311
916.0 0.43192208 0.56803113
917.0 0.43192208 0.5680311
918.0 0.43192208 0.5680311
919.0 0.43192208 0.5680311
920.0 0.4319222 0.5680311
921.0 0.43192214 0.5680311
922.0 0.43192217 0.56803095
923.0 0.43192208 0.568031
924.0 0.4319221 0.568031
925.0 0.43192208 0.5680311
926.0 0.43192214 0.5680311
927.0 0.4319221 0.56803095
928.0 0.4319221 0.56803095
929.0 0.43192208 0.56803095
930.0 0.4319221 0.5680311
931.0 0.43192208 0.5680309
932.0 0.43192214 0.56803083
933.0 0.43192217 0.56803095
934.0 0.43192208 0.56803083
935.0 0.4319221 0.5680309
936.0 0.43192214 0.56803083
937.0 0.43192214 0.56803095
938.0 0.43192214 0.5680309
939.0 0.4319222 0.56803083
940.0 0.4319221 0.56803083
941.0 0.43192214 0.56803083
942.0 0.43192217 0.56803083
943.0 0.43192214 0.56803083
944.0 0.43192214 0.5680307
945.0 0.43192214 0.5680307
946.0 0.4319222 0.5680308
947.0 0.43192208 0.5680307
948.0 0.43192217 0.5680307
949.0 0.4319221 0.5680306
950.0 0.43192208 0.56803066
951.0 0.43192214 0.5680307
952.0 0.4319222 0.5680307
953.0 0.4319222 0.5680306
954.0 0.43192214 0.5680307
955.0 0.4319221 0.5680306
956.0 0.43192217 0.56803066
957.0 0.43192217 0.5680306
958.0 0.43192214 0.56803066
959.0 0.4319222 0.56803066
960.0 0.4319222 0.5680306
961.0 0.4319222 0.5680306
962.0 0.43192223 0.5680306
963.0 0.4319222 0.5680305
964.0 0.4319222 0.56803054
965.0 0.4319222 0.5680306
966.0 0.4319222 0.56803054
967.0 0.43192217 0.5680305
968.0 0.43192217 0.5680304
969.0 0.4319222 0.5680305
970.0 0.4319222 0.56803036
971.0 0.4319222 0.56803036
972.0 0.43192223 0.5680305
973.0 0.43192214 0.5680304
974.0 0.4319221 0.56803024
975.0 0.4319222 0.56803036
976.0 0.43192214 0.56803036
977.0 0.43192217 0.5680304
978.0 0.43192214 0.56803036
979.0 0.43192214 0.5680303
980.0 0.4319221 0.5680304
981.0 0.43192214 0.56803036
982.0 0.43192214 0.56803036
983.0 0.43192202 0.5680304
984.0 0.43192208 0.56803024
985.0 0.43192202 0.5680303
986.0 0.43192202 0.5680305
987.0 0.431922 0.56803054
988.0 0.43192196 0.56803054
989.0 0.431922 0.5680306
990.0 0.431922 0.5680305
991.0 0.4319219 0.5680306
992.0 0.43192187 0.5680306
993.0 0.43192184 0.5680306
994.0 0.4319218 0.56803066
995.0 0.43192178 0.5680306
996.0 0.43192172 0.56803083
997.0 0.43192163 0.56803095
998.0 0.4319216 0.5680309
999.0 0.43192148 0.568031
1000.0 0.4319214 0.5680311
1001.0 0.4319214 0.5680312
1002.0 0.4319213 0.56803125
1003.0 0.43192118 0.5680314
1004.0 0.43192112 0.56803143
1005.0 0.43192092 0.56803155
1006.0 0.43192077 0.5680318
1007.0 0.43192074 0.5680319
1008.0 0.43192053 0.568032
1009.0 0.43192035 0.56803226
1010.0 0.4319201 0.5680324
1011.0 0.43191996 0.5680326
1012.0 0.43191978 0.56803286
1013.0 0.43191946 0.5680331
1014.0 0.43191922 0.56803334
1015.0 0.43191895 0.5680337
1016.0 0.4319186 0.56803405
1017.0 0.43191826 0.5680343
1018.0 0.4319179 0.56803477
1019.0 0.43191746 0.56803507
1020.0 0.431917 0.5680356
1021.0 0.43191653 0.56803596
1022.0 0.431916 0.5680366
1023.0 0.4319154 0.56803715
1024.0 0.43191475 0.56803787
1025.0 0.43191406 0.5680386
1026.0 0.43191335 0.5680393
1027.0 0.4319126 0.56804013
1028.0 0.43191168 0.568041
1029.0 0.43191072 0.56804204
1030.0 0.43190974 0.568043
1031.0 0.43190855 0.56804425
1032.0 0.43190736 0.5680454
1033.0 0.43190604 0.5680468
1034.0 0.43190467 0.5680481
1035.0 0.43190318 0.56804967
1036.0 0.4319016 0.56805134
1037.0 0.43189985 0.568053
1038.0 0.43189785 0.568055
1039.0 0.4318958 0.56805706
1040.0 0.43189362 0.5680593
1041.0 0.43189126 0.5680617
1042.0 0.43188864 0.56806433
1043.0 0.43188596 0.5680671
1044.0 0.43188298 0.56807005
1045.0 0.43187973 0.5680732
1046.0 0.4318763 0.5680767
1047.0 0.43187252 0.5680805
1048.0 0.43186855 0.5680844
1049.0 0.43186435 0.5680887
1050.0 0.43185967 0.5680934
1051.0 0.43185478 0.5680983
1052.0 0.4318495 0.56810355
1053.0 0.43184388 0.5681093
1054.0 0.43183783 0.5681153
1055.0 0.43183136 0.56812173
1056.0 0.43182436 0.56812865
1057.0 0.43181694 0.5681361
1058.0 0.43180895 0.5681441
1059.0 0.4318005 0.5681526
1060.0 0.43179142 0.5681616
1061.0 0.4317818 0.5681713
1062.0 0.43177146 0.5681817
1063.0 0.43176043 0.5681927
1064.0 0.4317487 0.56820446
1065.0 0.43173617 0.5682169
1066.0 0.43172282 0.5682304
1067.0 0.43170863 0.56824446
1068.0 0.4316935 0.5682597
1069.0 0.4316774 0.5682758
1070.0 0.43166023 0.568293
1071.0 0.43164206 0.56831115
1072.0 0.43162268 0.5683305
1073.0 0.43160212 0.5683512
1074.0 0.4315803 0.56837296
1075.0 0.43155712 0.5683961
1076.0 0.4315326 0.56842065
1077.0 0.43150657 0.56844676
1078.0 0.431479 0.5684744
1079.0 0.43144974 0.5685035
1080.0 0.43141878 0.5685345
1081.0 0.43138605 0.5685673
1082.0 0.43135142 0.568602
1083.0 0.43131477 0.5686387
1084.0 0.43127602 0.5686773
1085.0 0.43123516 0.5687183
1086.0 0.43119186 0.5687616
1087.0 0.4311463 0.5688071
1088.0 0.43109816 0.5688553
1089.0 0.43104732 0.5689062
1090.0 0.43099385 0.5689598
1091.0 0.43093747 0.5690161
1092.0 0.430878 0.5690755
1093.0 0.4308155 0.56913817
1094.0 0.4307496 0.569204
1095.0 0.4306804 0.56927323
1096.0 0.43060753 0.56934625
1097.0 0.43053097 0.5694226
1098.0 0.43045053 0.5695033
1099.0 0.43036598 0.56958777
1100.0 0.43027735 0.5696765
1101.0 0.4301843 0.5697695
1102.0 0.4300867 0.5698673
1103.0 0.42998433 0.5699696
1104.0 0.4298771 0.5700768
1105.0 0.4297648 0.5701891
1106.0 0.42964727 0.57030666
1107.0 0.4295242 0.5704297
1108.0 0.42939544 0.5705585
1109.0 0.42926085 0.5706931
1110.0 0.42912018 0.5708338
1111.0 0.42897308 0.5709808
1112.0 0.42881957 0.5711343
1113.0 0.42865926 0.57129467
1114.0 0.42849195 0.571462
1115.0 0.4283175 0.57163644
1116.0 0.42813554 0.5718185
1117.0 0.427946 0.5720081
1118.0 0.4277484 0.5722056
1119.0 0.4275428 0.57241124
1120.0 0.4273287 0.5726253
1121.0 0.427106 0.572848
1122.0 0.4268744 0.5730797
1123.0 0.42663366 0.57332045
1124.0 0.42638344 0.5735706
1125.0 0.42612353 0.5738306
1126.0 0.42585367 0.5741005
1127.0 0.42557362 0.57438064
1128.0 0.425283 0.57467103
1129.0 0.42498177 0.5749724
1130.0 0.42466944 0.5752847
1131.0 0.4243459 0.57560825
1132.0 0.4240108 0.57594335
1133.0 0.42366397 0.57629025
1134.0 0.4233051 0.57664925
1135.0 0.4229338 0.57702047
1136.0 0.42254996 0.57740426
1137.0 0.42215323 0.57780105
1138.0 0.42174342 0.57821083
1139.0 0.4213202 0.5786342
1140.0 0.42088342 0.57907104
1141.0 0.4204326 0.57952183
1142.0 0.4199677 0.5799867
1143.0 0.41948837 0.5804661
1144.0 0.41899434 0.58096015
1145.0 0.41848546 0.58146906
1146.0 0.4179614 0.58199316
1147.0 0.417422 0.5825327
1148.0 0.41686702 0.5830877
1149.0 0.41629627 0.58365846
1150.0 0.41570956 0.5842452
1151.0 0.41510656 0.58484817
1152.0 0.41448718 0.58546764
1153.0 0.41385123 0.58610356
1154.0 0.4131985 0.58675635
1155.0 0.41252878 0.58742607
1156.0 0.411842 0.58811283
1157.0 0.41113794 0.58881694
1158.0 0.41041648 0.58953846
1159.0 0.40967745 0.59027755
1160.0 0.4089207 0.5910342
1161.0 0.40814626 0.59180874
1162.0 0.4073539 0.59260106
1163.0 0.4065436 0.5934113
1164.0 0.40571535 0.5942396
1165.0 0.40486896 0.5950861
1166.0 0.40400454 0.5959505
1167.0 0.40312195 0.5968331
1168.0 0.40222114 0.59773386
1169.0 0.40130216 0.5986531
1170.0 0.40036497 0.5995902
1171.0 0.3994096 0.6005456
1172.0 0.39843607 0.6015191
1173.0 0.39744446 0.60251075
1174.0 0.3964348 0.6035204
1175.0 0.39540717 0.60454816
1176.0 0.3943617 0.6055936
1177.0 0.39329845 0.6066569
1178.0 0.39221758 0.6077378
1179.0 0.39111915 0.6088363
1180.0 0.39000338 0.609952
1181.0 0.38887054 0.6110848
1182.0 0.3877207 0.61223483
1183.0 0.38655406 0.6134013
1184.0 0.3853709 0.61458457
1185.0 0.38417146 0.61578405
1186.0 0.3829559 0.61699957
1187.0 0.38172454 0.61823106
1188.0 0.38047767 0.61947787
1189.0 0.37921554 0.62074006
1190.0 0.3779385 0.6220171
1191.0 0.37664688 0.62330866
1192.0 0.375341 0.6246146
1193.0 0.37402123 0.62593436
1194.0 0.37268788 0.6272677
1195.0 0.37134144 0.6286142
1196.0 0.3699822 0.62997353
1197.0 0.36861062 0.631345
1198.0 0.3672272 0.63272834
1199.0 0.36583233 0.6341233
