0.0 1.0 0.0
1.0 1.0 2.8664126e-22
2.0 0.99999994 2.209948e-21
3.0 0.9999998 1.0657341e-20
4.0 0.99999964 3.150895e-20
5.0 0.99999964 6.529242e-20
6.0 0.9999996 1.4611546e-19
7.0 0.99999946 3.166664e-19
8.0 0.99999946 5.8915515e-19
9.0 0.99999934 9.744818e-19
10.0 0.9999993 1.5653592e-18
11.0 0.9999992 2.4960332e-18
12.0 0.99999917 3.7708327e-18
13.0 0.99999905 5.4819695e-18
14.0 0.999999 7.850364e-18
15.0 0.9999989 1.0794682e-17
16.0 0.9999987 1.4236672e-17
17.0 0.9999988 1.8192509e-17
18.0 0.9999986 2.2684422e-17
19.0 0.99999833 2.7637886e-17
20.0 0.99999845 3.2665263e-17
21.0 0.99999833 3.792614e-17
22.0 0.9999983 4.3449415e-17
23.0 0.9999981 4.9270404e-17
24.0 0.9999979 5.565001e-17
25.0 0.99999803 6.266932e-17
26.0 0.99999785 7.035714e-17
27.0 0.9999979 7.855763e-17
28.0 0.99999774 8.743103e-17
29.0 0.9999976 9.725311e-17
30.0 0.9999975 1.0778963e-16
31.0 0.9999975 1.189162e-16
32.0 0.9999975 1.3084811e-16
33.0 0.99999744 1.4382545e-16
34.0 0.9999974 1.5759409e-16
35.0 0.9999973 1.7187826e-16
36.0 0.9999972 1.8718495e-16
37.0 0.9999972 2.037879e-16
38.0 0.99999714 2.2137561e-16
39.0 0.999997 2.3924168e-16
40.0 0.9999969 2.5702982e-16
41.0 0.9999968 2.7571783e-16
42.0 0.99999666 2.9543085e-16
43.0 0.99999654 3.1564818e-16
44.0 0.9999965 3.368643e-16
45.0 0.9999963 3.5903895e-16
46.0 0.9999964 3.8183298e-16
47.0 0.9999963 4.0626215e-16
48.0 0.9999963 4.3320619e-16
49.0 0.9999961 4.6217463e-16
50.0 0.99999595 4.921153e-16
51.0 0.99999595 5.228836e-16
52.0 0.99999595 5.547357e-16
53.0 0.99999577 5.8782816e-16
54.0 0.9999956 6.233617e-16
55.0 0.99999565 6.603953e-16
56.0 0.9999956 6.976947e-16
57.0 0.9999956 7.357e-16
58.0 0.99999535 7.7523997e-16
59.0 0.99999535 8.1788014e-16
60.0 0.99999523 8.641879e-16
61.0 0.9999952 9.133112e-16
62.0 0.999995 9.641975e-16
63.0 0.99999493 1.0175691e-15
64.0 0.999995 1.0739486e-15
65.0 0.99999475 1.1325345e-15
66.0 0.99999464 1.194737e-15
67.0 0.99999464 1.2618145e-15
68.0 0.99999464 1.3334496e-15
69.0 0.9999945 1.4097959e-15
70.0 0.9999945 1.4905958e-15
71.0 0.99999446 1.5745176e-15
72.0 0.99999416 1.6619356e-15
73.0 0.99999416 1.7535419e-15
74.0 0.9999941 1.8485662e-15
75.0 0.9999939 1.9459358e-15
76.0 0.9999939 2.0453059e-15
77.0 0.9999939 2.149614e-15
78.0 0.9999938 2.2598337e-15
79.0 0.9999937 2.3755911e-15
80.0 0.99999356 2.4993492e-15
81.0 0.99999344 2.6297934e-15
82.0 0.9999934 2.7653174e-15
83.0 0.99999326 2.904351e-15
84.0 0.9999932 3.0491657e-15
85.0 0.9999932 3.2035688e-15
86.0 0.9999931 3.3664804e-15
87.0 0.999993 3.538752e-15
88.0 0.999993 3.720448e-15
89.0 0.9999929 3.9107024e-15
90.0 0.9999929 4.1086553e-15
91.0 0.9999927 4.31097e-15
92.0 0.9999928 4.5186442e-15
93.0 0.9999927 4.7397414e-15
94.0 0.9999927 4.974806e-15
95.0 0.9999927 5.223041e-15
96.0 0.9999925 5.4869634e-15
97.0 0.9999924 5.76345e-15
98.0 0.99999225 6.0525417e-15
99.0 0.9999921 6.35744e-15
100.0 0.99999213 6.6747895e-15
101.0 0.999992 7.002899e-15
102.0 0.9999919 7.344087e-15
103.0 0.9999918 7.696588e-15
104.0 0.99999183 8.062922e-15
105.0 0.9999918 8.4475045e-15
106.0 0.9999916 8.850234e-15
107.0 0.99999154 9.270212e-15
108.0 0.9999914 9.705873e-15
109.0 0.99999136 1.0160547e-14
110.0 0.9999912 1.064013e-14
111.0 0.9999912 1.1147287e-14
112.0 0.999991 1.16771776e-14
113.0 0.99999094 1.2228042e-14
114.0 0.9999908 1.280414e-14
115.0 0.9999908 1.3404603e-14
116.0 0.9999909 1.40306146e-14
117.0 0.9999907 1.4682298e-14
118.0 0.9999908 1.5355659e-14
119.0 0.99999064 1.6060292e-14
120.0 0.99999046 1.6802864e-14
121.0 0.99999046 1.7571785e-14
122.0 0.9999904 1.8363305e-14
123.0 0.99999034 1.9183485e-14
124.0 0.9999903 2.0025865e-14
125.0 0.9999902 2.0887666e-14
126.0 0.9999901 2.1786074e-14
127.0 0.99999 2.2728745e-14
128.0 0.99999005 2.3713094e-14
129.0 0.99998987 2.4735115e-14
130.0 0.99998987 2.5786853e-14
131.0 0.99998975 2.687009e-14
132.0 0.99998975 2.7993319e-14
133.0 0.99998957 2.9154352e-14
134.0 0.99998945 3.0350458e-14
135.0 0.99998933 3.159238e-14
136.0 0.9999894 3.2883913e-14
137.0 0.9999893 3.4228994e-14
138.0 0.9999892 3.562165e-14
139.0 0.9999891 3.7057695e-14
140.0 0.9999891 3.853726e-14
141.0 0.9999889 4.0054006e-14
142.0 0.9999889 4.1611117e-14
143.0 0.99998885 4.3207354e-14
144.0 0.99998873 4.4847552e-14
145.0 0.99998856 4.653168e-14
146.0 0.99998844 4.826727e-14
147.0 0.99998856 5.0062358e-14
148.0 0.9999884 5.1909188e-14
149.0 0.9999883 5.3805017e-14
150.0 0.9999883 5.5742513e-14
151.0 0.9999882 5.77286e-14
152.0 0.999988 5.977686e-14
153.0 0.9999881 6.188177e-14
154.0 0.99998796 6.4045896e-14
155.0 0.9999878 6.626468e-14
156.0 0.99998766 6.852937e-14
157.0 0.99998766 7.0861645e-14
158.0 0.9999875 7.328044e-14
159.0 0.9999875 7.5773196e-14
160.0 0.99998736 7.833252e-14
161.0 0.99998736 8.097256e-14
162.0 0.99998707 8.369805e-14
163.0 0.99998707 8.650925e-14
164.0 0.999987 8.939728e-14
165.0 0.999987 9.236107e-14
166.0 0.9999868 9.541661e-14
167.0 0.99998677 9.85644e-14
168.0 0.99998677 1.0180469e-13
169.0 0.9999866 1.0515631e-13
170.0 0.9999866 1.0863297e-13
171.0 0.9999865 1.1225419e-13
172.0 0.9999865 1.1603554e-13
173.0 0.9999863 1.199678e-13
174.0 0.9999863 1.2403815e-13
175.0 0.9999863 1.2826133e-13
176.0 0.9999862 1.3264376e-13
177.0 0.9999861 1.3719585e-13
178.0 0.99998605 1.4195708e-13
179.0 0.99998593 1.4693002e-13
180.0 0.9999859 1.5213576e-13
181.0 0.9999858 1.5762184e-13
182.0 0.9999857 1.6341613e-13
183.0 0.9999857 1.6953688e-13
184.0 0.9999857 1.760143e-13
185.0 0.9999856 1.8287853e-13
186.0 0.99998534 1.9017445e-13
187.0 0.9999853 1.9796023e-13
188.0 0.9999851 2.0627182e-13
189.0 0.9999851 2.1517239e-13
190.0 0.99998504 2.2473027e-13
191.0 0.9999849 2.3501044e-13
192.0 0.99998486 2.4611042e-13
193.0 0.9999848 2.5810742e-13
194.0 0.99998474 2.7108597e-13
195.0 0.9999846 2.8519504e-13
196.0 0.9999845 3.0057554e-13
197.0 0.9999845 3.1739287e-13
198.0 0.9999844 3.3587038e-13
199.0 0.9999844 3.5619261e-13
200.0 0.99998415 3.785201e-13
201.0 0.99998415 4.030822e-13
202.0 0.99998397 4.3018833e-13
203.0 0.9999838 4.6016554e-13
204.0 0.9999838 4.933651e-13
205.0 0.9999838 5.301971e-13
206.0 0.9999838 5.711101e-13
207.0 0.99998355 6.16596e-13
208.0 0.99998355 6.672232e-13
209.0 0.9999834 7.235994e-13
210.0 0.9999833 7.8642886e-13
211.0 0.9999833 8.565109e-13
212.0 0.99998313 9.34692e-13
213.0 0.9999831 1.0219773e-12
214.0 0.99998295 1.1194983e-12
215.0 0.9999831 1.2284944e-12
216.0 0.9999829 1.350365e-12
217.0 0.9999827 1.4866986e-12
218.0 0.9999827 1.6392081e-12
219.0 0.9999826 1.8098313e-12
220.0 0.9999826 2.0008036e-12
221.0 0.9999825 2.2145864e-12
222.0 0.99998236 2.4539e-12
223.0 0.99998236 2.7217983e-12
224.0 0.9999821 3.0217317e-12
225.0 0.9999821 3.3575358e-12
226.0 0.999982 3.7334337e-12
227.0 0.999982 4.1541263e-12
228.0 0.9999819 4.6249202e-12
229.0 0.99998176 5.1517055e-12
230.0 0.9999817 5.7410673e-12
231.0 0.9999815 6.400412e-12
232.0 0.9999814 7.137917e-12
233.0 0.9999815 7.962616e-12
234.0 0.9999814 8.884672e-12
235.0 0.9999813 9.9153775e-12
236.0 0.9999813 1.1067359e-11
237.0 0.9999813 1.23545445e-11
238.0 0.99998116 1.3792393e-11
239.0 0.99998105 1.5398224e-11
240.0 0.99998105 1.7191294e-11
241.0 0.999981 1.919296e-11
242.0 0.999981 2.1426881e-11
243.0 0.9999808 2.3919425e-11
244.0 0.9999807 2.669976e-11
245.0 0.9999807 2.980021e-11
246.0 0.9999807 3.325688e-11
247.0 0.99998045 3.71095e-11
248.0 0.9999804 4.1402323e-11
249.0 0.9999802 4.618445e-11
250.0 0.9999802 5.1509914e-11
251.0 0.9999802 5.743882e-11
252.0 0.9999802 6.40377e-11
253.0 0.99998015 7.1380124e-11
254.0 0.99998003 7.9547605e-11
255.0 0.9999801 8.8630235e-11
256.0 0.99998 9.872757e-11
257.0 0.99998 1.0994958e-10
258.0 0.99998 1.22418e-10
259.0 0.99997985 1.3626728e-10
260.0 0.9999798 1.5164632e-10
261.0 0.99998 1.687187e-10
262.0 0.99997985 1.8766505e-10
263.0 0.9999799 2.0868517e-10
264.0 0.9999799 2.319992e-10
265.0 0.99997985 2.5784996e-10
266.0 0.9999797 2.8650488e-10
267.0 0.9999796 3.1825903e-10
268.0 0.99997956 3.5343675e-10
269.0 0.99997956 3.923954e-10
270.0 0.99997944 4.355285e-10
271.0 0.99997944 4.832691e-10
272.0 0.9999794 5.360935e-10
273.0 0.9999794 5.9452576e-10
274.0 0.9999794 6.5914196e-10
275.0 0.9999793 7.305745e-10
276.0 0.9999793 8.0951895e-10
277.0 0.9999792 8.9673957e-10
278.0 0.9999793 9.930742e-10
279.0 0.99997926 1.0994436e-09
280.0 0.9999792 1.216858e-09
281.0 0.99997926 1.3464247e-09
282.0 0.999979 1.4893596e-09
283.0 0.99997914 1.6469945e-09
284.0 0.999979 1.8207886e-09
285.0 0.99997896 2.012341e-09
286.0 0.999979 2.2234024e-09
287.0 0.99997896 2.4558904e-09
288.0 0.9999789 2.711902e-09
289.0 0.9999789 2.9937353e-09
290.0 0.999979 3.3038994e-09
291.0 0.99997884 3.6451384e-09
292.0 0.99997896 4.020452e-09
293.0 0.99997884 4.433117e-09
294.0 0.9999788 4.886714e-09
295.0 0.9999788 5.3851554e-09
296.0 0.99997866 5.9327103e-09
297.0 0.9999786 6.5340333e-09
298.0 0.9999786 7.194206e-09
299.0 0.9999786 7.918765e-09
300.0 0.99997866 8.713759e-09
301.0 0.9999786 9.585764e-09
302.0 0.99997854 1.0541954e-08
303.0 0.99997854 1.1590139e-08
304.0 0.99997854 1.2738822e-08
305.0 0.99997854 1.3997269e-08
306.0 0.99997854 1.5375544e-08
307.0 0.9999785 1.6884599e-08
308.0 0.9999785 1.8536351e-08
309.0 0.9999785 2.0343748e-08
310.0 0.9999784 2.2320858e-08
311.0 0.9999784 2.4482947e-08
312.0 0.9999785 2.6846632e-08
313.0 0.9999784 2.9429916e-08
314.0 0.99997854 3.2252352e-08
315.0 0.99997854 3.5335173e-08
316.0 0.9999784 3.8701366e-08
317.0 0.99997836 4.2375866e-08
318.0 0.99997854 4.6385722e-08
319.0 0.9999784 5.07602e-08
320.0 0.99997836 5.5531054e-08
321.0 0.99997836 6.073258e-08
322.0 0.99997836 6.6401974e-08
323.0 0.99997854 7.257945e-08
324.0 0.9999783 7.930848e-08
325.0 0.99997836 8.663615e-08
326.0 0.9999784 9.461324e-08
327.0 0.99997836 1.03294795e-07
328.0 0.99997836 1.12740096e-07
329.0 0.99997836 1.2301328e-07
330.0 0.9999783 1.3418358e-07
331.0 0.99997824 1.4632565e-07
332.0 0.9999783 1.5952e-07
333.0 0.9999782 1.7385355e-07
334.0 0.9999781 1.8942e-07
335.0 0.9999779 2.0632032e-07
336.0 0.99997795 2.2466325e-07
337.0 0.999978 2.4456597e-07
338.0 0.9999779 2.6615461e-07
339.0 0.99997795 2.8956492e-07
340.0 0.9999778 3.14943e-07
341.0 0.9999777 3.4244607e-07
342.0 0.99997765 3.722431e-07
343.0 0.9999777 4.0451562e-07
344.0 0.9999777 4.3945886e-07
345.0 0.9999776 4.772824e-07
346.0 0.9999775 5.1821155e-07
347.0 0.99997747 5.6248757e-07
348.0 0.9999773 6.1037036e-07
349.0 0.9999774 6.6213784e-07
350.0 0.99997723 7.1808864e-07
351.0 0.9999771 7.7854236e-07
352.0 0.999977 8.4384214e-07
353.0 0.9999771 9.14355e-07
354.0 0.99997693 9.904743e-07
355.0 0.9999769 1.0726216e-06
356.0 0.99997675 1.1612473e-06
357.0 0.9999767 1.2568338e-06
358.0 0.99997663 1.359897e-06
359.0 0.99997634 1.4709891e-06
360.0 0.99997634 1.5906985e-06
361.0 0.99997616 1.7196559e-06
362.0 0.999976 1.8585345e-06
363.0 0.9999759 2.008052e-06
364.0 0.9999755 2.1689755e-06
365.0 0.9999753 2.3421235e-06
366.0 0.9999751 2.5283694e-06
367.0 0.999975 2.7286442e-06
368.0 0.99997467 2.9439402e-06
369.0 0.9999744 3.1753148e-06
370.0 0.999974 3.4238951e-06
371.0 0.9999739 3.6908798e-06
372.0 0.99997354 3.977547e-06
373.0 0.99997324 4.2852575e-06
374.0 0.99997294 4.6154546e-06
375.0 0.9999725 4.969677e-06
376.0 0.99997205 5.3495605e-06
377.0 0.9999716 5.7568436e-06
378.0 0.9999712 6.1933715e-06
379.0 0.9999707 6.6611046e-06
380.0 0.9999701 7.162126e-06
381.0 0.9999696 7.698644e-06
382.0 0.99996895 8.273002e-06
383.0 0.9999684 8.88769e-06
384.0 0.9999678 9.5453415e-06
385.0 0.999967 1.0248752e-05
386.0 0.9999663 1.1000878e-05
387.0 0.99996567 1.1804865e-05
388.0 0.9999646 1.2664023e-05
389.0 0.99996364 1.3581873e-05
390.0 0.9999627 1.4562132e-05
391.0 0.9999616 1.5608728e-05
392.0 0.9999604 1.6725833e-05
393.0 0.9999591 1.7917837e-05
394.0 0.9999579 1.918938e-05
395.0 0.99995637 2.0545374e-05
396.0 0.99995506 2.1991003e-05
397.0 0.9999534 2.3531737e-05
398.0 0.9999519 2.517334e-05
399.0 0.99995 2.6921909e-05
400.0 0.9999481 2.878386e-05
401.0 0.9999461 3.076595e-05
402.0 0.999944 3.287533e-05
403.0 0.99994165 3.51195e-05
404.0 0.9999393 3.7506376e-05
405.0 0.9999368 4.004428e-05
406.0 0.9999341 4.2741976e-05
407.0 0.99993134 4.560869e-05
408.0 0.9999281 4.865409e-05
409.0 0.9999249 5.188839e-05
410.0 0.9999214 5.5322278e-05
411.0 0.9999177 5.896703e-05
412.0 0.9999138 6.283441e-05
413.0 0.99990976 6.693687e-05
414.0 0.99990535 7.12874e-05
415.0 0.99990064 7.589962e-05
416.0 0.9998958 8.078787e-05
417.0 0.9998906 8.5967156e-05
418.0 0.9998851 9.145317e-05
419.0 0.99987924 9.726241e-05
420.0 0.99987316 0.000103412094
421.0 0.9998665 0.00010992029
422.0 0.99985945 0.00011680589
423.0 0.9998524 0.00012408863
424.0 0.9998445 0.00013178919
425.0 0.9998362 0.00013992915
426.0 0.99982774 0.00014853105
427.0 0.9998187 0.00015761853
428.0 0.9998091 0.00016721612
429.0 0.9997989 0.00017734955
430.0 0.9997883 0.00018804564
431.0 0.999777 0.00019933228
432.0 0.99976504 0.00021123869
433.0 0.99975246 0.00022379523
434.0 0.9997393 0.00023703351
435.0 0.9997253 0.0002509865
436.0 0.9997105 0.00026568855
437.0 0.99969506 0.00028117548
438.0 0.99967873 0.00029748416
439.0 0.99966145 0.00031465347
440.0 0.99964345 0.0003327236
441.0 0.9996244 0.00035173623
442.0 0.99960446 0.00037173473
443.0 0.99958324 0.0003927642
444.0 0.99956113 0.0004148713
445.0 0.99953777 0.00043810456
446.0 0.9995133 0.0004625144
447.0 0.99948776 0.00048815296
448.0 0.9994608 0.00051507435
449.0 0.99943244 0.00054333435
450.0 0.9994027 0.0005729914
451.0 0.9993716 0.00060410524
452.0 0.9993389 0.0006367382
453.0 0.9993047 0.0006709546
454.0 0.9992688 0.000706821
455.0 0.99923134 0.0007444059
456.0 0.9991919 0.0007837808
457.0 0.9991505 0.00082501885
458.0 0.99910724 0.00086819584
459.0 0.999062 0.0009133899
460.0 0.9990149 0.0009606819
461.0 0.99896526 0.0010101547
462.0 0.9989135 0.0010618942
463.0 0.9988593 0.0011159888
464.0 0.99880266 0.00117253
465.0 0.99874365 0.0012316108
466.0 0.9986818 0.0012933281
467.0 0.9986174 0.0013577811
468.0 0.9985502 0.0014250717
469.0 0.9984797 0.0014953048
470.0 0.99840665 0.0015685884
471.0 0.99833 0.0016450332
472.0 0.9982501 0.0017247526
473.0 0.9981669 0.0018078637
474.0 0.9980803 0.0018944856
475.0 0.9979902 0.0019847408
476.0 0.9978961 0.0020787558
477.0 0.9977982 0.0021766592
478.0 0.99769616 0.0022785824
479.0 0.9975901 0.0023846608
480.0 0.9974797 0.0024950323
481.0 0.99736494 0.002609838
482.0 0.9972455 0.0027292222
483.0 0.9971214 0.002853333
484.0 0.99699247 0.0029823207
485.0 0.9968584 0.0031163385
486.0 0.9967191 0.0032555438
487.0 0.9965745 0.0034000971
488.0 0.99642444 0.0035501607
489.0 0.9962687 0.003705901
490.0 0.9961069 0.003867487
491.0 0.9959394 0.00403509
492.0 0.9957658 0.004208887
493.0 0.9955854 0.0043890555
494.0 0.99539876 0.004575776
495.0 0.99520516 0.004769234
496.0 0.9950048 0.0049696127
497.0 0.9947971 0.005177106
498.0 0.99458236 0.0053919023
499.0 0.99435997 0.0056141987
500.0 0.99412996 0.0058441916
501.0 0.9938921 0.0060820817
502.0 0.993646 0.0063280705
503.0 0.99339163 0.0065823626
504.0 0.99312884 0.006845165
505.0 0.9928574 0.007116687
506.0 0.9925769 0.007397137
507.0 0.9922871 0.0076867305
508.0 0.9919882 0.007985681
509.0 0.99167967 0.008294205
510.0 0.9913614 0.008612522
511.0 0.991033 0.008940848
512.0 0.9906943 0.009279404
513.0 0.99034536 0.009628413
514.0 0.9899856 0.009988099
515.0 0.98961496 0.010358682
516.0 0.98923314 0.010740388
517.0 0.98884004 0.011133444
518.0 0.9884354 0.011538069
519.0 0.988019 0.011954492
520.0 0.98759043 0.012382941
521.0 0.9871497 0.012823638
522.0 0.9866965 0.013276803
523.0 0.9862306 0.013742667
524.0 0.98575187 0.014221451
525.0 0.9852599 0.014713374
526.0 0.98475456 0.015218662
527.0 0.98423564 0.01573753
528.0 0.983703 0.016270196
529.0 0.9831563 0.01681688
530.0 0.9825953 0.017377794
531.0 0.98202014 0.01795315
532.0 0.9814302 0.018543158
533.0 0.9808253 0.019148022
534.0 0.9802053 0.01976794
535.0 0.97957003 0.020403128
536.0 0.9789195 0.021053765
537.0 0.9782531 0.021720055
538.0 0.97757095 0.022402182
539.0 0.97687274 0.023100339
540.0 0.9761584 0.023814693
541.0 0.9754277 0.024545433
542.0 0.9746803 0.025292715
543.0 0.9739163 0.026056716
544.0 0.97313535 0.026837584
545.0 0.97233754 0.027635485
546.0 0.97152245 0.028450567
547.0 0.97069 0.029282965
548.0 0.96984 0.030132815
549.0 0.9689727 0.031000245
550.0 0.96808755 0.031885378
551.0 0.96718466 0.032788336
552.0 0.9662637 0.03370922
553.0 0.9653248 0.034648124
554.0 0.96436787 0.035605147
555.0 0.9633926 0.03658037
556.0 0.96239907 0.037573867
557.0 0.9613873 0.038585708
558.0 0.96035707 0.03961595
559.0 0.9593083 0.04066464
560.0 0.9582411 0.041731812
561.0 0.95715547 0.04281751
562.0 0.956051 0.043921746
563.0 0.95492834 0.045044534
564.0 0.953787 0.046185873
565.0 0.95262706 0.04734576
566.0 0.9514485 0.048524167
567.0 0.9502516 0.049721077
568.0 0.94903636 0.05093643
569.0 0.9478026 0.052170202
570.0 0.9465505 0.053422317
571.0 0.94527996 0.054692697
572.0 0.94399124 0.05598128
573.0 0.94268465 0.057287946
574.0 0.94135994 0.05861263
575.0 0.94001734 0.059955176
576.0 0.93865716 0.06131547
577.0 0.9372793 0.062693365
578.0 0.9358839 0.06408875
579.0 0.9344711 0.06550143
580.0 0.93304133 0.06693124
581.0 0.9315946 0.06837799
582.0 0.930131 0.0698415
583.0 0.92865086 0.07132156
584.0 0.9271544 0.07281797
585.0 0.9256419 0.07433044
586.0 0.9241135 0.07585881
587.0 0.9225696 0.07740277
588.0 0.9210102 0.07896209
589.0 0.91943586 0.0805365
590.0 0.9178467 0.08212571
591.0 0.9162428 0.08372943
592.0 0.9146249 0.08534735
593.0 0.9129931 0.08697915
594.0 0.9113477 0.08862454
595.0 0.909689 0.09028316
596.0 0.90801764 0.091954656
597.0 0.90633357 0.09363871
598.0 0.9046373 0.09533495
599.0 0.9029292 0.09704296
600.0 0.90120983 0.09876242
601.0 0.8994793 0.100492924
602.0 0.89773816 0.10223408
603.0 0.8959867 0.10398546
604.0 0.8942255 0.10574666
605.0 0.89245474 0.10751727
606.0 0.8906751 0.10929687
607.0 0.888887 0.11108503
608.0 0.88709086 0.11288127
609.0 0.8852868 0.11468518
610.0 0.8834757 0.116496295
611.0 0.88165796 0.11831416
612.0 0.8798337 0.12013831
613.0 0.8780037 0.12196828
614.0 0.8761684 0.123803586
615.0 0.8743282 0.12564376
616.0 0.8724837 0.12748833
617.0 0.87063515 0.12933677
618.0 0.8687833 0.13118869
619.0 0.8669285 0.13304351
620.0 0.8650711 0.13490075
621.0 0.8632121 0.13675997
622.0 0.8613514 0.1386206
623.0 0.8594898 0.14048219
624.0 0.85762775 0.14234424
625.0 0.85576576 0.14420626
626.0 0.85390437 0.14606771
627.0 0.852044 0.14792815
628.0 0.85018516 0.14978704
629.0 0.8483282 0.1516439
630.0 0.84647375 0.15349826
631.0 0.8446225 0.1553496
632.0 0.8427746 0.15719745
633.0 0.8409308 0.1590413
634.0 0.8390914 0.16088071
635.0 0.83725697 0.16271517
636.0 0.8354279 0.1645442
637.0 0.8336047 0.16636738
638.0 0.83178794 0.16818415
639.0 0.829978 0.16999415
640.0 0.82817525 0.17179686
641.0 0.82638025 0.17359187
642.0 0.8245934 0.17537868
643.0 0.82281506 0.17715693
644.0 0.8210457 0.17892614
645.0 0.81928587 0.18068594
646.0 0.817536 0.18243581
647.0 0.8157964 0.18417545
648.0 0.8140676 0.18590438
649.0 0.81234956 0.18762228
650.0 0.8106431 0.1893287
651.0 0.8089486 0.19102329
652.0 0.80726624 0.19270575
653.0 0.8055963 0.19437562
654.0 0.80393934 0.19603258
655.0 0.8022957 0.19767635
656.0 0.8006653 0.19930652
657.0 0.7990489 0.20092282
658.0 0.79744685 0.20252493
659.0 0.7958592 0.20411254
660.0 0.79428625 0.2056854
661.0 0.7927285 0.20724319
662.0 0.7911861 0.20878562
663.0 0.78965914 0.21031256
664.0 0.78814805 0.21182364
665.0 0.78665304 0.21331865
666.0 0.7851742 0.2147974
667.0 0.783712 0.21625961
668.0 0.78226644 0.21770516
669.0 0.7808378 0.21913376
670.0 0.77942634 0.22054538
671.0 0.778032 0.22193976
672.0 0.77665496 0.2233167
673.0 0.7752956 0.22467613
674.0 0.7739538 0.2260179
675.0 0.7726298 0.22734188
676.0 0.7713237 0.22864792
677.0 0.7700356 0.22993596
678.0 0.7687657 0.23120591
679.0 0.7675139 0.2324577
680.0 0.7662804 0.23369119
681.0 0.7650651 0.23490636
682.0 0.7638682 0.23610324
683.0 0.7626897 0.23728167
684.0 0.7615297 0.2384417
685.0 0.76038814 0.23958328
686.0 0.759265 0.24070646
687.0 0.7581603 0.24181113
688.0 0.757074 0.24289736
689.0 0.7560061 0.24396516
690.0 0.75495666 0.2450146
691.0 0.75392544 0.24604571
692.0 0.75291276 0.24705854
693.0 0.7519181 0.2480531
694.0 0.75094163 0.24902949
695.0 0.7499834 0.2499878
696.0 0.7490431 0.25092804
697.0 0.74812067 0.25185043
698.0 0.74721617 0.252755
699.0 0.74632925 0.25364175
700.0 0.74546 0.254511
701.0 0.74460816 0.25536266
702.0 0.74377406 0.25619698
703.0 0.7429568 0.2570141
704.0 0.74215674 0.25781408
705.0 0.7413737 0.25859714
706.0 0.74060756 0.2593635
707.0 0.7398578 0.2601131
708.0 0.73912454 0.2608462
709.0 0.73840773 0.26156306
710.0 0.737707 0.26226377
711.0 0.7370222 0.2629485
712.0 0.7363533 0.26361746
713.0 0.7356999 0.2642708
714.0 0.73506176 0.26490885
715.0 0.734439 0.2655316
716.0 0.7338313 0.26613933
717.0 0.7332382 0.26673228
718.0 0.73266006 0.2673106
719.0 0.7320961 0.26787448
720.0 0.7315463 0.2684242
721.0 0.73101056 0.26895994
722.0 0.73048866 0.26948193
723.0 0.72998023 0.2699902
724.0 0.72948515 0.27048528
725.0 0.7290032 0.2709672
726.0 0.7285343 0.27143615
727.0 0.7280779 0.27189246
728.0 0.7276341 0.2723363
729.0 0.7272025 0.2727679
730.0 0.7267828 0.27318737
731.0 0.7263752 0.27359512
732.0 0.72597903 0.27399123
733.0 0.7255941 0.27437606
734.0 0.72522056 0.27474967
735.0 0.7248578 0.27511233
736.0 0.72450566 0.27546436
737.0 0.72416425 0.2758059
738.0 0.723833 0.27613717
739.0 0.7235117 0.27645835
740.0 0.7232003 0.2767697
741.0 0.7228985 0.27707145
742.0 0.7226061 0.2773638
743.0 0.7223231 0.27764693
744.0 0.7220489 0.27792114
745.0 0.72178346 0.27818653
746.0 0.7215265 0.27844334
747.0 0.72127813 0.27869183
748.0 0.72103775 0.2789321
749.0 0.72080547 0.27916443
750.0 0.7205808 0.27938908
751.0 0.7203637 0.2796061
752.0 0.720154 0.2798158
753.0 0.71995157 0.28001827
754.0 0.719756 0.28021374
755.0 0.71956724 0.28040242
756.0 0.7193853 0.28058445
757.0 0.7192096 0.2807601
758.0 0.7190403 0.28092945
759.0 0.7188771 0.2810927
760.0 0.7187196 0.28125006
761.0 0.71856797 0.2814016
762.0 0.71842194 0.28154767
763.0 0.7182814 0.28168827
764.0 0.7181461 0.28182358
765.0 0.7180158 0.2819538
766.0 0.71789056 0.2820791
767.0 0.71777004 0.28219956
768.0 0.7176542 0.2823153
769.0 0.7175428 0.28242666
770.0 0.71743584 0.28253365
771.0 0.7173332 0.28263637
772.0 0.7172345 0.28273496
773.0 0.71713984 0.28282967
774.0 0.717049 0.28292048
775.0 0.71696174 0.28300765
776.0 0.7168783 0.28309113
777.0 0.7167981 0.28317136
778.0 0.71672136 0.28324807
779.0 0.7166476 0.28332162
780.0 0.7165773 0.2833921
781.0 0.7165098 0.28345954
782.0 0.71644515 0.2835241
783.0 0.71638334 0.28358585
784.0 0.7163243 0.28364494
785.0 0.7162678 0.2837014
786.0 0.71621394 0.2837553
787.0 0.71616244 0.28380686
788.0 0.7161131 0.28385612
789.0 0.7160662 0.28390315
790.0 0.71602106 0.28394797
791.0 0.7159783 0.28399074
792.0 0.7159374 0.28403157
793.0 0.71589845 0.28407055
794.0 0.71586126 0.28410769
795.0 0.7158259 0.284143
796.0 0.71579224 0.2841767
797.0 0.71576023 0.28420871
798.0 0.71572983 0.28423917
799.0 0.71570075 0.2842682
800.0 0.71567315 0.28429574
801.0 0.7156469 0.28432196
802.0 0.71562195 0.2843469
803.0 0.71559834 0.2843705
804.0 0.7155758 0.28439298
805.0 0.7155545 0.28441426
806.0 0.7155342 0.2844345
807.0 0.71551514 0.28445363
808.0 0.715497 0.28447178
809.0 0.71547973 0.28448898
810.0 0.7154634 0.28450525
811.0 0.715448 0.2845207
812.0 0.7154334 0.28453532
813.0 0.7154197 0.28454906
814.0 0.71540666 0.28456205
815.0 0.71539414 0.28457436
816.0 0.7153827 0.28458604
817.0 0.7153717 0.284597
818.0 0.7153613 0.28460735
819.0 0.7153515 0.28461707
820.0 0.7153423 0.28462625
821.0 0.7153337 0.2846349
822.0 0.71532553 0.28464305
823.0 0.71531796 0.28465074
824.0 0.71531075 0.2846579
825.0 0.7153039 0.2846647
826.0 0.7152975 0.284671
827.0 0.7152917 0.28467697
828.0 0.715286 0.2846826
829.0 0.71528065 0.28468782
830.0 0.7152758 0.2846927
831.0 0.71527123 0.2846973
832.0 0.7152668 0.28470165
833.0 0.7152629 0.28470558
834.0 0.7152591 0.28470933
835.0 0.71525556 0.28471285
836.0 0.71525234 0.28471604
837.0 0.7152493 0.2847191
838.0 0.7152465 0.284722
839.0 0.7152438 0.28472456
840.0 0.71524143 0.28472704
841.0 0.7152392 0.28472924
842.0 0.71523714 0.2847314
843.0 0.715235 0.2847333
844.0 0.7152333 0.28473508
845.0 0.71523154 0.28473675
846.0 0.7152301 0.2847383
847.0 0.7152287 0.2847397
848.0 0.71522725 0.284741
849.0 0.71522593 0.2847422
850.0 0.715225 0.28474334
851.0 0.7152239 0.2847443
852.0 0.7152231 0.28474516
853.0 0.71522224 0.28474596
854.0 0.71522146 0.28474677
855.0 0.7152208 0.28474742
856.0 0.7152202 0.2847481
857.0 0.7152197 0.2847486
858.0 0.7152192 0.28474912
859.0 0.71521866 0.28474957
860.0 0.71521837 0.28474998
861.0 0.7152178 0.28475028
862.0 0.71521765 0.28475064
863.0 0.71521723 0.28475094
864.0 0.7152171 0.28475115
865.0 0.7152169 0.28475142
866.0 0.7152165 0.28475156
867.0 0.7152164 0.28475177
868.0 0.7152164 0.28475183
869.0 0.71521616 0.28475192
870.0 0.71521616 0.284752
871.0 0.7152162 0.28475213
872.0 0.71521604 0.28475213
873.0 0.715216 0.28475216
874.0 0.71521604 0.2847522
875.0 0.7152158 0.28475222
876.0 0.715216 0.28475216
877.0 0.715216 0.28475225
878.0 0.7152159 0.28475213
879.0 0.7152159 0.28475213
880.0 0.71521604 0.284752
881.0 0.71521616 0.28475198
882.0 0.7152162 0.2847519
883.0 0.71521616 0.28475183
884.0 0.71521634 0.28475174
885.0 0.71521634 0.28475174
886.0 0.71521664 0.28475162
887.0 0.7152164 0.28475153
888.0 0.71521664 0.28475142
889.0 0.71521664 0.28475133
890.0 0.71521676 0.2847513
891.0 0.7152169 0.2847512
892.0 0.715217 0.28475112
893.0 0.715217 0.284751
894.0 0.7152171 0.28475088
895.0 0.71521723 0.28475088
896.0 0.71521735 0.28475076
897.0 0.7152173 0.28475067
898.0 0.7152175 0.2847506
899.0 0.7152175 0.28475058
900.0 0.7152176 0.2847504
901.0 0.7152178 0.28475034
902.0 0.71521777 0.28475028
903.0 0.7152179 0.28475022
904.0 0.71521807 0.28475013
905.0 0.7152178 0.28475
906.0 0.715218 0.28474993
907.0 0.7152181 0.28474993
908.0 0.7152183 0.2847498
909.0 0.7152184 0.28474978
910.0 0.7152183 0.2847497
911.0 0.7152183 0.28474963
912.0 0.7152182 0.2847495
913.0 0.7152184 0.28474948
914.0 0.7152185 0.2847495
915.0 0.7152185 0.2847494
916.0 0.7152184 0.28474933
917.0 0.71521854 0.28474927
918.0 0.7152185 0.28474927
919.0 0.7152186 0.2847492
920.0 0.71521854 0.28474912
921.0 0.71521854 0.28474906
922.0 0.71521866 0.284749
923.0 0.7152188 0.28474897
924.0 0.71521866 0.28474894
925.0 0.7152187 0.28474888
926.0 0.7152188 0.28474885
927.0 0.71521884 0.28474885
928.0 0.71521884 0.2847488
929.0 0.7152188 0.28474873
930.0 0.7152188 0.2847487
931.0 0.7152188 0.28474867
932.0 0.7152188 0.28474867
933.0 0.7152189 0.2847486
934.0 0.7152188 0.28474864
935.0 0.7152189 0.2847485
936.0 0.7152189 0.28474852
937.0 0.71521884 0.28474852
938.0 0.7152188 0.28474844
939.0 0.7152189 0.28474844
940.0 0.71521884 0.28474844
941.0 0.71521884 0.28474844
942.0 0.71521884 0.2847484
943.0 0.715219 0.28474832
944.0 0.7152188 0.28474832
945.0 0.71521866 0.28474826
946.0 0.7152188 0.28474823
947.0 0.7152188 0.2847482
948.0 0.7152188 0.28474817
949.0 0.71521866 0.28474817
950.0 0.71521866 0.28474814
951.0 0.71521866 0.2847481
952.0 0.71521866 0.28474808
953.0 0.71521854 0.28474808
954.0 0.71521866 0.28474802
955.0 0.71521854 0.28474808
956.0 0.7152186 0.284748
957.0 0.71521854 0.28474796
958.0 0.7152184 0.28474796
959.0 0.7152185 0.28474793
960.0 0.7152184 0.28474787
961.0 0.71521854 0.28474787
962.0 0.7152184 0.28474787
963.0 0.7152184 0.28474778
964.0 0.7152184 0.28474784
965.0 0.7152184 0.28474778
966.0 0.71521837 0.28474778
967.0 0.7152183 0.2847477
968.0 0.7152183 0.28474772
969.0 0.7152183 0.28474772
970.0 0.7152182 0.28474766
971.0 0.7152183 0.28474757
972.0 0.7152182 0.28474766
973.0 0.7152182 0.28474754
974.0 0.71521807 0.28474754
975.0 0.71521807 0.28474754
976.0 0.715218 0.28474748
977.0 0.71521807 0.28474745
978.0 0.715218 0.28474745
979.0 0.71521795 0.28474742
980.0 0.71521795 0.28474742
981.0 0.71521795 0.28474736
982.0 0.7152179 0.28474736
983.0 0.7152178 0.2847473
984.0 0.7152177 0.28474727
985.0 0.7152177 0.2847473
986.0 0.7152177 0.2847473
987.0 0.7152176 0.28474724
988.0 0.7152175 0.2847473
989.0 0.7152174 0.2847472
990.0 0.7152175 0.28474724
991.0 0.7152176 0.28474718
992.0 0.7152175 0.28474718
993.0 0.7152175 0.28474712
994.0 0.71521723 0.28474712
995.0 0.71521735 0.28474712
996.0 0.7152171 0.28474712
997.0 0.7152171 0.28474712
998.0 0.71521693 0.28474706
999.0 0.715217 0.28474706
1000.0 0.71521693 0.284747
1001.0 0.7152169 0.284747
1002.0 0.7152168 0.28474697
1003.0 0.71521676 0.28474694
1004.0 0.7152167 0.2847469
1005.0 0.7152167 0.2847469
1006.0 0.7152167 0.2847469
1007.0 0.71521664 0.2847468
1008.0 0.71521664 0.2847468
1009.0 0.71521664 0.28474677
1010.0 0.7152165 0.2847467
1011.0 0.7152164 0.28474674
1012.0 0.7152164 0.2847467
1013.0 0.7152163 0.2847467
1014.0 0.71521616 0.2847467
1015.0 0.7152163 0.28474668
1016.0 0.71521616 0.28474665
1017.0 0.71521616 0.28474665
1018.0 0.7152162 0.28474665
1019.0 0.71521616 0.2847466
1020.0 0.715216 0.2847466
1021.0 0.715216 0.28474656
1022.0 0.7152159 0.28474656
1023.0 0.7152158 0.28474647
1024.0 0.7152158 0.2847465
1025.0 0.71521574 0.28474647
1026.0 0.7152157 0.2847464
1027.0 0.7152157 0.28474635
1028.0 0.7152156 0.2847464
1029.0 0.71521556 0.28474635
1030.0 0.71521544 0.28474632
1031.0 0.71521544 0.2847463
1032.0 0.7152153 0.28474626
1033.0 0.71521527 0.28474617
1034.0 0.7152153 0.28474626
1035.0 0.7152152 0.28474617
1036.0 0.715215 0.28474623
1037.0 0.7152151 0.2847461
1038.0 0.715215 0.28474614
1039.0 0.7152151 0.2847461
1040.0 0.71521485 0.28474605
1041.0 0.71521485 0.28474605
1042.0 0.7152149 0.284746
1043.0 0.71521485 0.28474605
1044.0 0.7152148 0.28474593
1045.0 0.7152147 0.2847459
1046.0 0.71521467 0.28474593
1047.0 0.7152146 0.28474596
1048.0 0.7152146 0.28474587
1049.0 0.7152145 0.28474578
1050.0 0.71521455 0.28474587
1051.0 0.7152145 0.2847458
1052.0 0.7152143 0.2847458
1053.0 0.7152144 0.28474575
1054.0 0.7152143 0.28474575
1055.0 0.7152143 0.2847457
1056.0 0.71521425 0.28474575
1057.0 0.71521425 0.2847457
1058.0 0.71521413 0.28474575
1059.0 0.715214 0.2847457
1060.0 0.715214 0.28474563
1061.0 0.71521395 0.28474557
1062.0 0.7152139 0.2847456
1063.0 0.7152139 0.28474554
1064.0 0.7152138 0.28474557
1065.0 0.71521366 0.28474554
1066.0 0.7152138 0.28474548
1067.0 0.71521366 0.28474545
1068.0 0.7152136 0.28474548
1069.0 0.7152134 0.2847454
1070.0 0.7152135 0.28474542
1071.0 0.7152133 0.28474534
1072.0 0.71521336 0.28474537
1073.0 0.7152132 0.28474537
1074.0 0.7152133 0.28474534
1075.0 0.71521306 0.28474528
1076.0 0.71521306 0.28474522
1077.0 0.7152131 0.28474528
1078.0 0.71521294 0.28474528
1079.0 0.71521294 0.28474528
1080.0 0.71521276 0.28474516
1081.0 0.7152129 0.28474516
1082.0 0.71521276 0.28474516
1083.0 0.7152127 0.2847451
1084.0 0.7152126 0.28474507
1085.0 0.7152126 0.2847451
1086.0 0.7152127 0.28474507
1087.0 0.7152126 0.28474504
1088.0 0.71521235 0.284745
1089.0 0.7152123 0.28474495
1090.0 0.7152123 0.28474495
1091.0 0.7152122 0.28474492
1092.0 0.7152122 0.28474492
1093.0 0.7152122 0.2847449
1094.0 0.715212 0.2847448
1095.0 0.7152121 0.28474483
1096.0 0.71521205 0.2847448
1097.0 0.715212 0.28474474
1098.0 0.715212 0.28474477
1099.0 0.71521205 0.28474477
1100.0 0.71521187 0.28474474
1101.0 0.71521187 0.28474465
1102.0 0.7152118 0.28474468
1103.0 0.71521175 0.28474462
1104.0 0.71521163 0.28474462
1105.0 0.7152115 0.2847446
1106.0 0.7152115 0.2847446
1107.0 0.7152115 0.28474456
1108.0 0.7152115 0.28474456
1109.0 0.71521133 0.2847445
1110.0 0.7152113 0.28474447
1111.0 0.7152113 0.28474444
1112.0 0.7152113 0.2847445
1113.0 0.7152113 0.28474444
1114.0 0.71521103 0.28474444
1115.0 0.7152109 0.28474438
1116.0 0.715211 0.28474435
1117.0 0.71521086 0.2847443
1118.0 0.71521086 0.28474426
1119.0 0.71521074 0.28474426
1120.0 0.7152107 0.28474423
1121.0 0.7152106 0.28474423
1122.0 0.71521056 0.2847442
1123.0 0.71521056 0.28474414
1124.0 0.71521044 0.28474408
1125.0 0.71521044 0.28474408
1126.0 0.7152105 0.28474408
1127.0 0.7152104 0.28474405
1128.0 0.7152103 0.28474408
1129.0 0.7152102 0.284744
1130.0 0.71521014 0.28474402
1131.0 0.71521 0.284744
1132.0 0.71521014 0.28474393
1133.0 0.7152101 0.28474393
1134.0 0.71520996 0.28474393
1135.0 0.71521 0.28474382
1136.0 0.71520996 0.28474382
1137.0 0.71520984 0.28474385
1138.0 0.7152098 0.28474376
1139.0 0.7152097 0.2847438
1140.0 0.7152097 0.2847438
1141.0 0.71520966 0.28474373
1142.0 0.7152096 0.28474367
1143.0 0.71520954 0.28474364
1144.0 0.71520954 0.28474367
1145.0 0.7152095 0.28474364
1146.0 0.7152093 0.2847436
1147.0 0.71520936 0.28474358
1148.0 0.7152093 0.28474358
1149.0 0.71520925 0.2847435
1150.0 0.7152091 0.2847435
1151.0 0.7152091 0.28474352
1152.0 0.715209 0.2847435
1153.0 0.715209 0.28474346
1154.0 0.715209 0.2847434
1155.0 0.71520895 0.28474337
1156.0 0.7152089 0.28474337
1157.0 0.71520877 0.28474337
1158.0 0.7152089 0.2847433
1159.0 0.71520877 0.28474325
1160.0 0.71520865 0.2847432
1161.0 0.71520865 0.28474328
1162.0 0.71520865 0.2847432
1163.0 0.71520853 0.2847432
1164.0 0.7152084 0.2847432
1165.0 0.7152085 0.28474313
1166.0 0.71520835 0.2847431
1167.0 0.7152083 0.28474313
1168.0 0.71520823 0.2847431
1169.0 0.71520823 0.28474304
1170.0 0.71520823 0.284743
1171.0 0.7152082 0.284743
1172.0 0.7152081 0.28474298
1173.0 0.715208 0.28474292
1174.0 0.71520805 0.28474298
1175.0 0.715208 0.284743
1176.0 0.7152079 0.28474295
1177.0 0.71520776 0.2847429
1178.0 0.7152078 0.2847429
1179.0 0.7152077 0.28474286
1180.0 0.7152075 0.2847428
1181.0 0.71520746 0.28474286
1182.0 0.7152076 0.2847428
1183.0 0.7152075 0.28474277
1184.0 0.71520746 0.28474277
1185.0 0.71520734 0.28474277
1186.0 0.7152073 0.28474277
1187.0 0.7152072 0.28474274
1188.0 0.71520716 0.2847427
1189.0 0.7152071 0.28474268
1190.0 0.715207 0.28474268
1191.0 0.71520704 0.28474265
1192.0 0.7152068 0.28474265
1193.0 0.715207 0.2847426
1194.0 0.71520674 0.28474256
1195.0 0.7152068 0.28474253
1196.0 0.71520674 0.28474253
1197.0 0.7152066 0.28474247
1198.0 0.7152066 0.2847425
1199.0 0.7152066 0.28474241
