0.0 1.0 0.0
1.0 0.9999999 3.6704982e-08
2.0 0.9999997 1.4886913e-07
3.0 0.9999995 3.3949414e-07
4.0 0.99999917 6.114767e-07
5.0 0.9999988 9.675978e-07
6.0 0.99999833 1.4105132e-06
7.0 0.9999978 1.9427423e-06
8.0 0.9999971 2.5666573e-06
9.0 0.9999963 3.2844741e-06
10.0 0.99999547 4.0982422e-06
11.0 0.9999945 5.0098342e-06
12.0 0.99999344 6.0209404e-06
13.0 0.9999926 7.1330496e-06
14.0 0.9999912 8.347456e-06
15.0 0.9999899 9.665231e-06
16.0 0.99998856 1.1087235e-05
17.0 0.9999869 1.2614095e-05
18.0 0.99998534 1.4246208e-05
19.0 0.99998355 1.598373e-05
20.0 0.99998164 1.7826562e-05
21.0 0.9999796 1.9774357e-05
22.0 0.9999777 2.182652e-05
23.0 0.9999755 2.3982175e-05
24.0 0.99997336 2.6240197e-05
25.0 0.99997085 2.8599183e-05
26.0 0.9999685 3.1057465e-05
27.0 0.9999659 3.3613098e-05
28.0 0.99996316 3.626387e-05
29.0 0.9999604 3.9007296e-05
30.0 0.99995756 4.1840627e-05
31.0 0.9999547 4.4760825e-05
32.0 0.9999517 4.776461e-05
33.0 0.99994856 5.0848415e-05
34.0 0.99994534 5.4008433e-05
35.0 0.9999422 5.7240606e-05
36.0 0.99993885 6.0540613e-05
37.0 0.9999354 6.3903906e-05
38.0 0.99993193 6.732571e-05
39.0 0.99992836 7.080101e-05
40.0 0.9999248 7.432461e-05
41.0 0.9999212 7.789109e-05
42.0 0.99991757 8.149483e-05
43.0 0.99991393 8.513007e-05
44.0 0.99991024 8.879085e-05
45.0 0.99990654 9.247109e-05
46.0 0.9999026 9.616459e-05
47.0 0.999899 9.986499e-05
48.0 0.9998951 0.00010356582
49.0 0.9998914 0.000107260625
50.0 0.99988765 0.00011094277
51.0 0.99988395 0.000114605675
52.0 0.99988025 0.000118242664
53.0 0.99987674 0.00012184708
54.0 0.99987316 0.00012541228
55.0 0.99986947 0.00012893172
56.0 0.99986595 0.0001323988
57.0 0.99986255 0.00013580712
58.0 0.9998592 0.00013915032
59.0 0.9998559 0.00014242214
60.0 0.99985266 0.00014561659
61.0 0.99984956 0.00014872776
62.0 0.99984646 0.00015174998
63.0 0.99984366 0.00015467782
64.0 0.9998408 0.000157506
65.0 0.9998379 0.00016022968
66.0 0.9998354 0.00016284414
67.0 0.99983287 0.00016534516
68.0 0.99983037 0.0001677287
69.0 0.9998281 0.0001699912
70.0 0.99982584 0.00017212945
71.0 0.9998238 0.00017414067
72.0 0.999822 0.00017602245
73.0 0.9998202 0.00017777292
74.0 0.9998186 0.00017939067
75.0 0.99981713 0.00018087478
76.0 0.9998158 0.0001822247
77.0 0.9998146 0.00018344066
78.0 0.9998134 0.00018452326
79.0 0.9998124 0.00018547373
80.0 0.99981165 0.00018629392
81.0 0.99981093 0.00018698614
82.0 0.9998103 0.0001875534
83.0 0.99980986 0.00018799934
84.0 0.99980956 0.00018832812
85.0 0.9998094 0.00018854463
86.0 0.9998092 0.00018865435
87.0 0.99980897 0.0001886634
88.0 0.99980927 0.00018857855
89.0 0.9998095 0.00018840715
90.0 0.9998096 0.00018815734
91.0 0.9998101 0.00018783775
92.0 0.9998103 0.00018745774
93.0 0.9998107 0.00018702727
94.0 0.9998112 0.00018655688
95.0 0.99981165 0.00018605779
96.0 0.99981207 0.00018554184
97.0 0.9998126 0.0001850213
98.0 0.9998131 0.00018450916
99.0 0.9998136 0.00018401889
100.0 0.9998141 0.00018356461
101.0 0.9998143 0.00018316077
102.0 0.99981457 0.0001828224
103.0 0.99981487 0.00018256507
104.0 0.9998151 0.00018240465
105.0 0.9998149 0.0001823575
106.0 0.99981475 0.00018244033
107.0 0.9998145 0.00018267025
108.0 0.9998141 0.00018306456
109.0 0.9998135 0.00018364101
110.0 0.9998127 0.00018441741
111.0 0.9998117 0.00018541192
112.0 0.99981046 0.00018664279
113.0 0.99980885 0.00018812834
114.0 0.99980724 0.00018988716
115.0 0.99980503 0.00019193762
116.0 0.99980253 0.00019429825
117.0 0.99979997 0.0001969875
118.0 0.99979675 0.0002000238
119.0 0.9997934 0.00020342521
120.0 0.9997897 0.00020720984
121.0 0.9997854 0.00021139541
122.0 0.999781 0.0002159994
123.0 0.9997759 0.00022103898
124.0 0.9997704 0.00022653092
125.0 0.99976444 0.00023249158
126.0 0.9997579 0.0002389368
127.0 0.999751 0.00024588197
128.0 0.9997436 0.0002533418
129.0 0.9997356 0.0002613305
130.0 0.9997271 0.00026986166
131.0 0.99971795 0.0002789479
132.0 0.9997082 0.00028860135
133.0 0.99969804 0.00029883342
134.0 0.9996872 0.00030965434
135.0 0.99967563 0.00032107375
136.0 0.99966383 0.00033310047
137.0 0.9996511 0.0003457421
138.0 0.99963784 0.00035900547
139.0 0.9996239 0.00037289632
140.0 0.99960935 0.00038741945
141.0 0.9995942 0.00040257856
142.0 0.99957836 0.0004183763
143.0 0.99956197 0.00043481417
144.0 0.99954474 0.00045189256
145.0 0.999527 0.0004696109
146.0 0.9995086 0.00048796728
147.0 0.9994896 0.0005069587
148.0 0.99947 0.0005265811
149.0 0.99944973 0.00054682896
150.0 0.99942887 0.0005676961
151.0 0.9994074 0.0005891749
152.0 0.9993853 0.00061125663
153.0 0.9993626 0.00063393154
154.0 0.9993396 0.0006571885
155.0 0.99931574 0.00068101543
156.0 0.99929136 0.00070539943
157.0 0.99926645 0.0007303263
158.0 0.999241 0.0007557808
159.0 0.999215 0.0007817467
160.0 0.99918854 0.0008082073
161.0 0.99916154 0.0008351444
162.0 0.99913406 0.0008625391
163.0 0.99910617 0.000890372
164.0 0.999078 0.00091862254
165.0 0.9990492 0.0009472697
166.0 0.99902034 0.00097629207
167.0 0.9989909 0.0010056669
168.0 0.99896115 0.0010353717
169.0 0.9989312 0.0010653832
170.0 0.9989009 0.0010956777
171.0 0.99887025 0.0011262316
172.0 0.99883944 0.0011570205
173.0 0.99880844 0.0011880201
174.0 0.99877715 0.0012192063
175.0 0.9987458 0.0012505546
176.0 0.9987144 0.0012820406
177.0 0.9986828 0.001313641
178.0 0.99865115 0.0013453311
179.0 0.9986194 0.0013770881
180.0 0.9985875 0.001408889
181.0 0.9985558 0.0014407113
182.0 0.99852383 0.0014725332
183.0 0.998492 0.0015043336
184.0 0.9984602 0.0015360925
185.0 0.99842864 0.0015677903
186.0 0.99839693 0.0015994089
187.0 0.9983653 0.0016309312
188.0 0.9983339 0.0016623404
189.0 0.9983027 0.0016936222
190.0 0.9982715 0.001724763
191.0 0.99824053 0.0017557507
192.0 0.99820966 0.0017865745
193.0 0.99817896 0.0018172252
194.0 0.99814856 0.0018476963
195.0 0.99811816 0.0018779814
196.0 0.9980881 0.0019080769
197.0 0.9980582 0.0019379809
198.0 0.9980285 0.001967693
199.0 0.9979991 0.001997215
200.0 0.9979696 0.0020265514
201.0 0.99794054 0.0020557083
202.0 0.99791145 0.0020846932
203.0 0.9978826 0.0021135162
204.0 0.99785393 0.00214219
205.0 0.9978253 0.0021707297
206.0 0.99779713 0.0021991525
207.0 0.99776864 0.0022274768
208.0 0.99774027 0.0022557243
209.0 0.99771214 0.002283919
210.0 0.997684 0.002312087
211.0 0.99765587 0.0023402558
212.0 0.9976275 0.0023684574
213.0 0.99759924 0.0023967233
214.0 0.9975709 0.002425089
215.0 0.99754226 0.0024535912
216.0 0.9975138 0.002482271
217.0 0.99748486 0.0025111684
218.0 0.99745566 0.0025403267
219.0 0.99742603 0.002569792
220.0 0.9973963 0.0025996119
221.0 0.99736595 0.0026298352
222.0 0.9973354 0.0026605139
223.0 0.9973042 0.0026916997
224.0 0.99727243 0.0027234475
225.0 0.99724 0.0027558133
226.0 0.99720705 0.0027888545
227.0 0.9971733 0.0028226296
228.0 0.9971386 0.0028571987
229.0 0.99710304 0.002892623
230.0 0.99706674 0.0029289634
231.0 0.9970295 0.002966285
232.0 0.9969912 0.003004649
233.0 0.9969517 0.0030441207
234.0 0.99691117 0.0030847653
235.0 0.99686915 0.0031266464
236.0 0.996826 0.0031698304
237.0 0.9967816 0.003214382
238.0 0.9967355 0.0032603666
239.0 0.99668807 0.0033078494
240.0 0.9966388 0.0033568945
241.0 0.99658823 0.0034075666
242.0 0.9965357 0.0034599288
243.0 0.9964817 0.0035140438
244.0 0.9964257 0.0035699736
245.0 0.99636793 0.0036277785
246.0 0.99630827 0.0036875182
247.0 0.9962466 0.0037492495
248.0 0.9961828 0.0038130307
249.0 0.9961169 0.003878915
250.0 0.99604887 0.0039469553
251.0 0.9959786 0.004017206
252.0 0.9959061 0.004089713
253.0 0.9958314 0.0041645253
254.0 0.99575406 0.004241687
255.0 0.9956745 0.004321239
256.0 0.99559253 0.0044032233
257.0 0.9955081 0.004487676
258.0 0.99542105 0.004574634
259.0 0.9953317 0.0046641272
260.0 0.9952396 0.004756186
261.0 0.99514496 0.0048508383
262.0 0.9950477 0.0049481047
263.0 0.9949477 0.0050480086
264.0 0.9948451 0.005150566
265.0 0.99474 0.0052557923
266.0 0.99463195 0.0053637
267.0 0.9945214 0.0054742964
268.0 0.9944081 0.005587587
269.0 0.99429214 0.0057035754
270.0 0.9941735 0.0058222613
271.0 0.99405205 0.005943642
272.0 0.993928 0.006067708
273.0 0.9938012 0.006194454
274.0 0.9936718 0.0063238647
275.0 0.9935398 0.006455928
276.0 0.99340504 0.0065906253
277.0 0.99326766 0.0067279367
278.0 0.9931276 0.006867841
279.0 0.99298525 0.0070103137
280.0 0.9928402 0.007155325
281.0 0.9926927 0.007302849
282.0 0.9925426 0.007452852
283.0 0.99239016 0.0076053045
284.0 0.9922352 0.007760171
285.0 0.99207807 0.007917415
286.0 0.9919183 0.008076999
287.0 0.99175644 0.008238887
288.0 0.9915923 0.008403039
289.0 0.99142593 0.008569413
290.0 0.9912574 0.008737973
291.0 0.99108684 0.008908676
292.0 0.9909139 0.009081481
293.0 0.990739 0.00925635
294.0 0.9905621 0.009433243
295.0 0.99038327 0.009612122
296.0 0.9902023 0.009792944
297.0 0.9900196 0.009975675
298.0 0.98983514 0.01016028
299.0 0.9896486 0.010346724
300.0 0.9894604 0.010534972
301.0 0.9892703 0.010724999
302.0 0.9890785 0.010916775
303.0 0.9888849 0.011110273
304.0 0.9886898 0.011305476
305.0 0.98849285 0.011502361
306.0 0.9882943 0.011700913
307.0 0.9880941 0.01190112
308.0 0.9878922 0.012102979
309.0 0.98768866 0.012306478
310.0 0.9874835 0.012511622
311.0 0.9872767 0.012718415
312.0 0.9870683 0.012926868
313.0 0.98685807 0.013136996
314.0 0.9866463 0.013348815
315.0 0.9864327 0.013562359
316.0 0.98621726 0.013777652
317.0 0.9860002 0.013994731
318.0 0.9857812 0.014213645
319.0 0.9855604 0.014434439
320.0 0.9853377 0.01465717
321.0 0.9851129 0.014881901
322.0 0.98488605 0.015108699
323.0 0.98465717 0.01533764
324.0 0.98442584 0.01556881
325.0 0.9841924 0.015802294
326.0 0.98395663 0.016038192
327.0 0.98371804 0.01627661
328.0 0.9834771 0.01651766
329.0 0.9832332 0.01676146
330.0 0.98298657 0.017008131
331.0 0.98273695 0.017257813
332.0 0.98248404 0.01751065
333.0 0.9822278 0.017766792
334.0 0.9819682 0.018026385
335.0 0.981705 0.018289607
336.0 0.9814379 0.018556634
337.0 0.98116684 0.018827636
338.0 0.9808916 0.019102806
339.0 0.9806121 0.019382339
340.0 0.9803281 0.019666445
341.0 0.980039 0.019955322
342.0 0.97974515 0.020249207
343.0 0.97944593 0.020548318
344.0 0.97914135 0.020852894
345.0 0.9788311 0.021163173
346.0 0.9785148 0.021479404
347.0 0.97819227 0.021801846
348.0 0.97786343 0.022130772
349.0 0.9775277 0.022466447
350.0 0.97718495 0.022809148
351.0 0.9768349 0.023159161
352.0 0.97647727 0.02351679
353.0 0.97611165 0.023882322
354.0 0.97573787 0.02425607
355.0 0.9753556 0.024638351
356.0 0.9749646 0.02502949
357.0 0.9745641 0.025429804
358.0 0.97415423 0.025839629
359.0 0.9737346 0.02625931
360.0 0.9733047 0.026689196
361.0 0.97286403 0.027129635
362.0 0.9724129 0.027580986
363.0 0.9719502 0.028043617
364.0 0.97147596 0.028517902
365.0 0.9709896 0.029004216
366.0 0.9704907 0.029502945
367.0 0.96997917 0.030014472
368.0 0.9694546 0.030539202
369.0 0.9689162 0.031077523
370.0 0.96836376 0.031629857
371.0 0.96779704 0.032196604
372.0 0.9672153 0.03277818
373.0 0.9666185 0.033375032
374.0 0.9660059 0.03398756
375.0 0.96537733 0.034616224
376.0 0.9647321 0.035261437
377.0 0.9640697 0.035923664
378.0 0.96339 0.036603346
379.0 0.9626925 0.037300937
380.0 0.9619765 0.038016908
381.0 0.9612417 0.038751718
382.0 0.9604875 0.039505843
383.0 0.9597135 0.04027976
384.0 0.9589195 0.041073956
385.0 0.95810443 0.0418889
386.0 0.95726824 0.04272511
387.0 0.9564104 0.043583054
388.0 0.95553005 0.04446327
389.0 0.95462704 0.045366235
390.0 0.95370084 0.046292488
391.0 0.95275074 0.04724253
392.0 0.9517763 0.048216894
393.0 0.95077705 0.049216107
394.0 0.94975233 0.05024071
395.0 0.948702 0.05129123
396.0 0.9476249 0.052368216
397.0 0.9465209 0.053472217
398.0 0.94538945 0.054603785
399.0 0.9442296 0.055763494
400.0 0.94304115 0.056951888
401.0 0.9418235 0.058169544
402.0 0.9405762 0.059417024
403.0 0.9392983 0.060694914
404.0 0.93798935 0.0620038
405.0 0.93664885 0.06334427
406.0 0.93527615 0.06471689
407.0 0.9338709 0.06612226
408.0 0.9324322 0.067561
409.0 0.93095934 0.06903368
410.0 0.92945206 0.070540905
411.0 0.9279097 0.072083294
412.0 0.9263315 0.073661454
413.0 0.92471695 0.07527598
414.0 0.9230657 0.0769275
415.0 0.9213764 0.0786166
416.0 0.9196491 0.08034388
417.0 0.91788304 0.08211002
418.0 0.91607755 0.08391558
419.0 0.9142319 0.085761175
420.0 0.91234565 0.08764739
421.0 0.91041815 0.08957493
422.0 0.9084488 0.091544315
423.0 0.906437 0.09355616
424.0 0.90438205 0.095611095
425.0 0.90228343 0.09770969
426.0 0.9001405 0.099852555
427.0 0.8979529 0.10204025
428.0 0.8957196 0.10427344
429.0 0.8934405 0.10655257
430.0 0.8911148 0.108878314
431.0 0.8887419 0.11125116
432.0 0.88632137 0.113671705
433.0 0.88385266 0.116140455
434.0 0.881335 0.11865793
435.0 0.87876815 0.1212247
436.0 0.8761518 0.123841226
437.0 0.873485 0.126508
438.0 0.87076753 0.12922552
439.0 0.86799884 0.13199417
440.0 0.8651786 0.13481452
441.0 0.8623062 0.13768685
442.0 0.8593815 0.14061168
443.0 0.85640377 0.14358932
444.0 0.8533729 0.14662018
445.0 0.8502885 0.14970458
446.0 0.8471503 0.15284285
447.0 0.8439579 0.15603526
448.0 0.840711 0.1592821
449.0 0.8374096 0.16258362
450.0 0.83405304 0.16594005
451.0 0.8306416 0.16935153
452.0 0.827175 0.17281827
453.0 0.8236528 0.1763403
454.0 0.8200753 0.17991784
455.0 0.8164423 0.18355086
456.0 0.81275386 0.18723944
457.0 0.8090098 0.1909836
458.0 0.8052101 0.1947832
459.0 0.8013551 0.19863822
460.0 0.79744476 0.2025485
461.0 0.7934793 0.20651397
462.0 0.78945905 0.21053436
463.0 0.78538394 0.21460944
464.0 0.7812543 0.21873894
465.0 0.77707076 0.22292253
466.0 0.7728334 0.22715986
467.0 0.76854277 0.23145051
468.0 0.7641994 0.23579404
469.0 0.75980335 0.24018991
470.0 0.7553558 0.2446376
471.0 0.7508568 0.24913654
472.0 0.7463074 0.253686
473.0 0.74170816 0.2582854
474.0 0.7370595 0.2629339
475.0 0.73236275 0.26763085
476.0 0.7276182 0.2723753
477.0 0.7228271 0.27716643
478.0 0.7179904 0.2820032
479.0 0.7131088 0.2868847
480.0 0.7081835 0.29180995
481.0 0.70321584 0.29677784
482.0 0.6982064 0.30178708
483.0 0.6931569 0.30683672
484.0 0.6880683 0.31192535
485.0 0.6829418 0.31705186
486.0 0.6777789 0.32221466
487.0 0.672581 0.32741266
488.0 0.6673493 0.33264428
489.0 0.66208565 0.3379081
490.0 0.6567914 0.34320244
491.0 0.65146786 0.348526
492.0 0.646117 0.35387692
493.0 0.64074016 0.3592537
494.0 0.6353393 0.36465457
495.0 0.62991595 0.37007785
496.0 0.62447226 0.37552172
497.0 0.6190098 0.3809843
498.0 0.6135303 0.3864638
499.0 0.6080358 0.39195824
500.0 0.6025282 0.39746583
501.0 0.5970096 0.40298453
502.0 0.59148186 0.4085123
503.0 0.58594704 0.41404718
504.0 0.5804074 0.41958696
505.0 0.57486457 0.4251297
506.0 0.56932104 0.4306733
507.0 0.5637789 0.43621555
508.0 0.5582402 0.4417543
509.0 0.55270725 0.44728738
510.0 0.547182 0.45281258
511.0 0.5416669 0.45832768
512.0 0.5361641 0.46383062
513.0 0.5306759 0.46931893
514.0 0.52520436 0.47479048
515.0 0.5197518 0.480243
516.0 0.5143205 0.48567438
517.0 0.5089128 0.4910822
518.0 0.5035307 0.49646425
519.0 0.49817666 0.5018184
520.0 0.49285287 0.50714225
521.0 0.4875614 0.51243377
522.0 0.48230463 0.51769066
523.0 0.4770846 0.52291065
524.0 0.47190362 0.5280918
525.0 0.46676373 0.53323174
526.0 0.4616672 0.5383284
527.0 0.4566158 0.5433797
528.0 0.45161188 0.54838365
529.0 0.44665745 0.55333817
530.0 0.4417544 0.55824125
531.0 0.43690473 0.5630909
532.0 0.43211043 0.5678854
533.0 0.42737323 0.5726226
534.0 0.422695 0.57730085
535.0 0.41807753 0.5819184
536.0 0.41352248 0.5864734
537.0 0.40903157 0.59096444
538.0 0.40460634 0.5953896
539.0 0.40024835 0.59974766
540.0 0.39595926 0.604037
541.0 0.39174014 0.6082561
542.0 0.38759264 0.61240375
543.0 0.38351783 0.61647856
544.0 0.37951696 0.62047946
545.0 0.3755913 0.62440515
546.0 0.3717417 0.6282549
547.0 0.36796927 0.6320273
548.0 0.36427486 0.6357218
549.0 0.3606593 0.6393375
550.0 0.3571233 0.6428735
551.0 0.35366744 0.6463294
552.0 0.35029244 0.64970446
553.0 0.3469987 0.6529983
554.0 0.34378657 0.6562105
555.0 0.3406563 0.6593408
556.0 0.33760834 0.6623888
557.0 0.33464253 0.6653547
558.0 0.3317591 0.6682381
559.0 0.32895786 0.6710395
560.0 0.32623878 0.6737586
561.0 0.32360154 0.676396
562.0 0.3210459 0.67895174
563.0 0.31857133 0.6814263
564.0 0.31617743 0.68382025
565.0 0.3138635 0.6861342
566.0 0.311629 0.68836874
567.0 0.30947298 0.6905248
568.0 0.3073948 0.69260323
569.0 0.30539343 0.69460464
570.0 0.3034678 0.6965302
571.0 0.3016169 0.6983812
572.0 0.29983956 0.70015866
573.0 0.2981345 0.701864
574.0 0.29650036 0.703498
575.0 0.29493588 0.70506245
576.0 0.29343957 0.70655906
577.0 0.2920098 0.7079889
578.0 0.29064497 0.7093537
579.0 0.2893436 0.7106551
580.0 0.2881038 0.711895
581.0 0.2869239 0.7130748
582.0 0.28580207 0.7141967
583.0 0.28473657 0.7152623
584.0 0.2837253 0.7162737
585.0 0.2827664 0.7172327
586.0 0.28185794 0.7181414
587.0 0.2809978 0.71900153
588.0 0.28018403 0.7198154
589.0 0.27941456 0.720585
590.0 0.27868724 0.7213123
591.0 0.278 0.7219997
592.0 0.27735066 0.72264904
593.0 0.2767372 0.72326255
594.0 0.27615744 0.7238424
595.0 0.27560925 0.7243906
596.0 0.27509046 0.72490954
597.0 0.2745989 0.72540116
598.0 0.27413258 0.7258675
599.0 0.27368933 0.7263108
600.0 0.2732672 0.7267331
601.0 0.27286386 0.7271365
602.0 0.27247763 0.72752285
603.0 0.27210623 0.7278941
604.0 0.27174783 0.72825253
605.0 0.2714005 0.72859997
606.0 0.27106246 0.7289383
607.0 0.27073175 0.7292691
608.0 0.2704066 0.72959435
609.0 0.2700853 0.7299156
610.0 0.26976618 0.7302348
611.0 0.26944765 0.7305534
612.0 0.26912814 0.73087305
613.0 0.26880622 0.731195
614.0 0.26848042 0.7315209
615.0 0.26814944 0.73185194
616.0 0.26781204 0.7321894
617.0 0.2674669 0.73253465
618.0 0.2671131 0.7328885
619.0 0.2667494 0.73325217
620.0 0.2663751 0.7336267
621.0 0.2659891 0.7340127
622.0 0.26559076 0.7344112
623.0 0.26517922 0.73482263
624.0 0.26475418 0.73524773
625.0 0.26431486 0.735687
626.0 0.26386094 0.7361411
627.0 0.263392 0.7366102
628.0 0.2629079 0.7370944
629.0 0.26240835 0.73759395
630.0 0.26189327 0.73810905
631.0 0.2613628 0.7386397
632.0 0.260817 0.73918545
633.0 0.26025605 0.73974645
634.0 0.2596802 0.74032235
635.0 0.25908992 0.74091285
636.0 0.25848556 0.7415173
637.0 0.25786763 0.7421352
638.0 0.25723675 0.74276614
639.0 0.25659376 0.7434093
640.0 0.25593928 0.74406385
641.0 0.2552741 0.74472904
642.0 0.25459927 0.7454039
643.0 0.25391585 0.7460873
644.0 0.2532247 0.7467786
645.0 0.25252706 0.7474763
646.0 0.25182414 0.7481792
647.0 0.25111714 0.74888635
648.0 0.2504074 0.7495961
649.0 0.2496962 0.75030744
650.0 0.24898498 0.75101876
651.0 0.24827522 0.75172853
652.0 0.24756843 0.7524353
653.0 0.24686608 0.7531377
654.0 0.2461698 0.7538341
655.0 0.2454812 0.7545228
656.0 0.24480185 0.7552022
657.0 0.24413344 0.7558706
658.0 0.2434777 0.75652635
659.0 0.24283628 0.7571678
660.0 0.24221087 0.7577933
661.0 0.2416032 0.7584009
662.0 0.24101496 0.75898933
663.0 0.24044791 0.7595565
664.0 0.23990376 0.7601006
665.0 0.2393842 0.76062024
666.0 0.2388909 0.7611135
667.0 0.23842563 0.7615789
668.0 0.23799 0.7620146
669.0 0.23758563 0.762419
670.0 0.23721418 0.7627903
671.0 0.23687725 0.7631274
672.0 0.23657629 0.76342857
673.0 0.23631294 0.7636919
674.0 0.23608859 0.76391625
675.0 0.23590466 0.7641002
676.0 0.23576257 0.76424235
677.0 0.23566364 0.76434124
678.0 0.23560916 0.7643958
679.0 0.2356003 0.7644047
680.0 0.23563834 0.7643667
681.0 0.23572421 0.76428086
682.0 0.23585907 0.764146
683.0 0.23604384 0.7639612
684.0 0.2362794 0.76372576
685.0 0.23656662 0.7634386
686.0 0.2369062 0.7630991
687.0 0.23729885 0.7627065
688.0 0.2377452 0.7622602
689.0 0.23824576 0.76175976
690.0 0.23880088 0.76120466
691.0 0.239411 0.7605945
692.0 0.24007638 0.75992906
693.0 0.24079722 0.7592084
694.0 0.24157368 0.7584318
695.0 0.24240565 0.7576001
696.0 0.24329323 0.75671244
697.0 0.24423614 0.7557695
698.0 0.24523427 0.7547715
699.0 0.24628723 0.7537185
700.0 0.24739467 0.7526111
701.0 0.248556 0.7514498
702.0 0.24977079 0.75023496
703.0 0.2510383 0.74896747
704.0 0.25235778 0.7476481
705.0 0.2537285 0.74627733
706.0 0.25514948 0.7448565
707.0 0.25661987 0.7433862
708.0 0.25813845 0.7418676
709.0 0.25970423 0.7403017
710.0 0.26131594 0.73869014
711.0 0.26297235 0.73703384
712.0 0.26467204 0.73533404
713.0 0.26641372 0.7335924
714.0 0.2681958 0.7318104
715.0 0.27001676 0.7299895
716.0 0.27187502 0.7281312
717.0 0.27376896 0.7262374
718.0 0.27569678 0.72430956
719.0 0.27765676 0.7223497
720.0 0.2796471 0.72035944
721.0 0.2816659 0.71834064
722.0 0.2837112 0.71629524
723.0 0.2857812 0.71422535
724.0 0.28787372 0.7121328
725.0 0.28998685 0.71001965
726.0 0.29211855 0.707888
727.0 0.29426673 0.70573986
728.0 0.29642916 0.70357746
729.0 0.29860386 0.7014028
730.0 0.30078867 0.6992179
731.0 0.30298132 0.6970253
732.0 0.3051797 0.69482684
733.0 0.3073817 0.692625
734.0 0.309585 0.6904217
735.0 0.31178758 0.68821913
736.0 0.31398714 0.6860197
737.0 0.31618154 0.6838254
738.0 0.31836855 0.6816383
739.0 0.32054612 0.67946076
740.0 0.322712 0.67729497
741.0 0.32486424 0.67514277
742.0 0.3270006 0.6730065
743.0 0.3291191 0.67088777
744.0 0.3312177 0.66878927
745.0 0.33329427 0.66671264
746.0 0.33534703 0.66466004
747.0 0.3373739 0.6626331
748.0 0.3393731 0.6606341
749.0 0.34134275 0.6586642
750.0 0.3432811 0.65672594
751.0 0.34518632 0.6548208
752.0 0.3470568 0.6529503
753.0 0.34889078 0.6511163
754.0 0.35068688 0.64932024
755.0 0.35244337 0.64756376
756.0 0.35415897 0.64584816
757.0 0.35583216 0.644175
758.0 0.35746163 0.6425454
759.0 0.35904625 0.64096093
760.0 0.36058462 0.63942254
761.0 0.36207587 0.6379312
762.0 0.36351866 0.6364885
763.0 0.36491227 0.63509494
764.0 0.36625558 0.6337516
765.0 0.367548 0.6324593
766.0 0.36878854 0.6312187
767.0 0.36997667 0.63003063
768.0 0.37111175 0.6288956
769.0 0.37219334 0.627814
770.0 0.37322092 0.6267864
771.0 0.3741941 0.62581325
772.0 0.37511265 0.6248946
773.0 0.37597635 0.62403107
774.0 0.37678516 0.6232223
775.0 0.37753886 0.6224684
776.0 0.3782376 0.6217698
777.0 0.37888145 0.621126
778.0 0.3794706 0.6205367
779.0 0.38000536 0.62000215
780.0 0.38048595 0.6195215
781.0 0.3809128 0.6190947
782.0 0.38128644 0.61872107
783.0 0.38160732 0.6184001
784.0 0.38187617 0.61813134
785.0 0.38209367 0.61791384
786.0 0.3822604 0.61774707
787.0 0.38237736 0.61763024
788.0 0.3824453 0.6175622
789.0 0.38246512 0.61754245
790.0 0.38243797 0.6175697
791.0 0.38236472 0.6176429
792.0 0.38224667 0.6177611
793.0 0.3820847 0.617923
794.0 0.3818801 0.61812735
795.0 0.38163424 0.6183734
796.0 0.38134828 0.61865926
797.0 0.3810236 0.618984
798.0 0.38066155 0.61934596
799.0 0.38026345 0.61974406
800.0 0.37983084 0.62017673
801.0 0.3793652 0.6206424
802.0 0.3788678 0.6211399
803.0 0.3783404 0.6216672
804.0 0.3777844 0.62222314
805.0 0.37720138 0.62280625
806.0 0.37659284 0.62341475
807.0 0.37596047 0.6240472
808.0 0.3753058 0.6247019
809.0 0.3746304 0.6253773
810.0 0.373936 0.6260717
811.0 0.373224 0.6267836
812.0 0.372496 0.62751156
813.0 0.37175378 0.6282537
814.0 0.37099892 0.6290087
815.0 0.37023273 0.6297748
816.0 0.36945707 0.63055044
817.0 0.36867338 0.6313341
818.0 0.36788306 0.6321244
819.0 0.36708787 0.6329196
820.0 0.36628902 0.6337184
821.0 0.3654883 0.6345193
822.0 0.3646868 0.63532066
823.0 0.36388618 0.6361214
824.0 0.36308765 0.63692
825.0 0.3622927 0.63771486
826.0 0.36150247 0.638505
827.0 0.36071834 0.63928914
828.0 0.35994154 0.6400659
829.0 0.3591732 0.6408342
830.0 0.3584146 0.64159286
831.0 0.3576666 0.6423409
832.0 0.3569305 0.6430768
833.0 0.35620728 0.64380014
834.0 0.35549772 0.6445097
835.0 0.3548029 0.64520454
836.0 0.35412365 0.6458837
837.0 0.3534608 0.6465465
838.0 0.35281503 0.64719236
839.0 0.35218716 0.64782023
840.0 0.35157785 0.6484295
841.0 0.35098758 0.6490197
842.0 0.35041702 0.6495903
843.0 0.3498667 0.6501407
844.0 0.34933686 0.65067035
845.0 0.34882823 0.6511791
846.0 0.3483408 0.6516664
847.0 0.34787512 0.65213215
848.0 0.34743136 0.6525759
849.0 0.34700966 0.65299755
850.0 0.34661025 0.65339696
851.0 0.3462331 0.653774
852.0 0.34587836 0.65412885
853.0 0.34554592 0.65446126
854.0 0.34523576 0.6547713
855.0 0.34494781 0.6550594
856.0 0.34468192 0.65532535
857.0 0.34443784 0.65556943
858.0 0.34421524 0.65579176
859.0 0.34401408 0.655993
860.0 0.34383386 0.6561731
861.0 0.34367424 0.6563329
862.0 0.3435349 0.65647215
863.0 0.3434154 0.6565918
864.0 0.34331512 0.656692
865.0 0.34323376 0.6567732
866.0 0.3431706 0.6568364
867.0 0.34312525 0.65688175
868.0 0.34309703 0.65690994
869.0 0.34308535 0.6569216
870.0 0.34308955 0.6569175
871.0 0.34310892 0.6568979
872.0 0.34314296 0.656864
873.0 0.3431908 0.6568161
874.0 0.34325182 0.65675515
875.0 0.34332523 0.65668166
876.0 0.34341034 0.6565965
877.0 0.3435064 0.65650046
878.0 0.34361255 0.65639424
879.0 0.3437282 0.6562785
880.0 0.34385255 0.65615433
881.0 0.34398472 0.6560221
882.0 0.34412393 0.6558829
883.0 0.34426945 0.6557372
884.0 0.34442067 0.6555861
885.0 0.34457666 0.6554302
886.0 0.34473667 0.6552703
887.0 0.3448999 0.6551069
888.0 0.34506574 0.6549411
889.0 0.34523344 0.65477335
890.0 0.3454022 0.6546047
891.0 0.34557134 0.6544354
892.0 0.34574026 0.6542665
893.0 0.34590828 0.65409863
894.0 0.34607455 0.6539323
895.0 0.34623867 0.65376824
896.0 0.34639984 0.6536069
897.0 0.34655768 0.6534491
898.0 0.34671143 0.6532954
899.0 0.34686053 0.65314627
900.0 0.3470047 0.65300214
901.0 0.34714317 0.6528636
902.0 0.34727567 0.65273106
903.0 0.34740165 0.65260506
904.0 0.34752068 0.65248597
905.0 0.3476324 0.6523744
906.0 0.34773645 0.6522703
907.0 0.34783244 0.6521743
908.0 0.34792024 0.6520865
909.0 0.34799927 0.65200734
910.0 0.3480696 0.6519371
911.0 0.34813076 0.651876
912.0 0.34818268 0.6518241
913.0 0.34822527 0.65178144
914.0 0.34825826 0.65174854
915.0 0.34828156 0.6517253
916.0 0.34829512 0.65171176
917.0 0.3482989 0.65170795
918.0 0.34829286 0.651714
919.0 0.34827703 0.6517298
920.0 0.34825137 0.65175545
921.0 0.3482161 0.65179074
922.0 0.34817111 0.65183574
923.0 0.34811664 0.65189016
924.0 0.3480528 0.65195405
925.0 0.34797966 0.6520272
926.0 0.3478975 0.6521095
927.0 0.34780642 0.6522006
928.0 0.3477067 0.65230024
929.0 0.34759864 0.65240836
930.0 0.34748238 0.65252453
931.0 0.3473583 0.65264857
932.0 0.3472265 0.6527804
933.0 0.34708762 0.65291953
934.0 0.3469417 0.6530653
935.0 0.34678918 0.6532179
936.0 0.34663033 0.6533767
937.0 0.3464656 0.6535414
938.0 0.3462953 0.6537117
939.0 0.34611994 0.6538871
940.0 0.34593976 0.6540673
941.0 0.34575522 0.6542518
942.0 0.3455667 0.6544404
943.0 0.3453746 0.65463245
944.0 0.34517932 0.6548277
945.0 0.3449813 0.6550256
946.0 0.34478098 0.65522593
947.0 0.34457877 0.6554281
948.0 0.34437495 0.655632
949.0 0.3441701 0.6558369
950.0 0.34396458 0.6560425
951.0 0.3437587 0.6562482
952.0 0.343553 0.6564539
953.0 0.34334782 0.6566591
954.0 0.34314352 0.65686363
955.0 0.3429405 0.6570665
956.0 0.3427391 0.6572679
957.0 0.34253973 0.65746725
958.0 0.34234273 0.6576642
959.0 0.34214848 0.6578585
960.0 0.34195727 0.6580498
961.0 0.34176946 0.6582376
962.0 0.3415853 0.65842175
963.0 0.34140515 0.6586018
964.0 0.34122926 0.65877783
965.0 0.34105784 0.65894926
966.0 0.3408913 0.65911585
967.0 0.34072968 0.6592774
968.0 0.34057343 0.6594337
969.0 0.34042254 0.6595845
970.0 0.3402774 0.6597297
971.0 0.34013796 0.65986913
972.0 0.34000468 0.66000247
973.0 0.3398774 0.66012967
974.0 0.3397565 0.66025066
975.0 0.33964193 0.6603651
976.0 0.3395338 0.66047335
977.0 0.33943233 0.6605747
978.0 0.33933747 0.6606697
979.0 0.33924925 0.6607579
980.0 0.33916777 0.6608392
981.0 0.33909306 0.6609141
982.0 0.33902502 0.6609821
983.0 0.33896378 0.6610432
984.0 0.33890915 0.661098
985.0 0.33886117 0.66114587
986.0 0.33881983 0.66118723
987.0 0.338785 0.6612221
988.0 0.33875656 0.66125035
989.0 0.33873454 0.6612725
990.0 0.3387187 0.66128814
991.0 0.33870894 0.6612979
992.0 0.3387053 0.6613018
993.0 0.33870742 0.6612997
994.0 0.33871508 0.66129196
995.0 0.33872837 0.66127867
996.0 0.3387469 0.66126007
997.0 0.33877063 0.66123635
998.0 0.33879936 0.6612077
999.0 0.33883274 0.6611741
1000.0 0.33887076 0.66113615
1001.0 0.33891305 0.66109395
1002.0 0.3389595 0.6610474
1003.0 0.33900982 0.66099703
1004.0 0.33906376 0.66094303
1005.0 0.3391213 0.6608857
1006.0 0.33918187 0.6608251
1007.0 0.33924544 0.6607615
1008.0 0.33931172 0.66069514
1009.0 0.3393804 0.6606265
1010.0 0.33945143 0.6605555
1011.0 0.33952433 0.6604826
1012.0 0.33959907 0.66040784
1013.0 0.33967525 0.6603316
1014.0 0.3397527 0.6602541
1015.0 0.33983114 0.66017556
1016.0 0.33991048 0.6600965
1017.0 0.33999026 0.66001654
1018.0 0.34007043 0.6599364
1019.0 0.3401506 0.65985614
1020.0 0.34023073 0.65977615
1021.0 0.34031048 0.65969634
1022.0 0.3403897 0.65961707
1023.0 0.34046817 0.65953875
1024.0 0.3405457 0.6594612
1025.0 0.34062213 0.65938485
1026.0 0.3406971 0.6593098
1027.0 0.34077063 0.65923625
1028.0 0.34084246 0.65916437
1029.0 0.3409125 0.65909445
1030.0 0.3409805 0.6590265
1031.0 0.34104633 0.6589606
1032.0 0.34110987 0.6588969
1033.0 0.34117103 0.65883577
1034.0 0.34122968 0.6587772
1035.0 0.3412856 0.6587212
1036.0 0.34133884 0.65866786
1037.0 0.34138924 0.65861756
1038.0 0.34143668 0.65857005
1039.0 0.3414811 0.6585257
1040.0 0.34152246 0.65848446
1041.0 0.34156066 0.6584462
1042.0 0.3415957 0.65841126
1043.0 0.34162757 0.6583793
1044.0 0.3416561 0.6583508
1045.0 0.34168136 0.65832555
1046.0 0.3417033 0.6583035
1047.0 0.34172198 0.6582849
1048.0 0.34173733 0.65826964
1049.0 0.34174937 0.65825766
1050.0 0.3417582 0.6582488
1051.0 0.34176368 0.65824324
1052.0 0.341766 0.6582409
1053.0 0.34176514 0.65824175
1054.0 0.3417611 0.6582458
1055.0 0.34175402 0.65825284
1056.0 0.34174392 0.6582629
1057.0 0.3417309 0.65827596
1058.0 0.34171492 0.65829194
1059.0 0.34169617 0.65831053
1060.0 0.34167475 0.65833193
1061.0 0.3416506 0.6583561
1062.0 0.34162402 0.6583828
1063.0 0.341595 0.6584116
1064.0 0.34156355 0.6584431
1065.0 0.3415299 0.6584767
1066.0 0.34149414 0.65851265
1067.0 0.3414563 0.65855044
1068.0 0.3414167 0.6585901
1069.0 0.3413752 0.6586315
1070.0 0.34133202 0.65867484
1071.0 0.34128734 0.6587196
1072.0 0.34124118 0.6587658
1073.0 0.34119377 0.6588131
1074.0 0.34114513 0.65886164
1075.0 0.34109542 0.6589114
1076.0 0.34104478 0.65896195
1077.0 0.34099334 0.65901345
1078.0 0.3409412 0.6590656
1079.0 0.34088853 0.6591182
1080.0 0.34083533 0.6591713
1081.0 0.34078193 0.6592248
1082.0 0.34072813 0.65927863
1083.0 0.3406744 0.6593324
1084.0 0.34062058 0.65938616
1085.0 0.34056693 0.6594397
1086.0 0.34051353 0.6594932
1087.0 0.3404604 0.65954626
1088.0 0.3404078 0.65959907
1089.0 0.3403556 0.659651
1090.0 0.34030426 0.6597025
1091.0 0.34025347 0.6597531
1092.0 0.34020358 0.6598032
1093.0 0.34015462 0.65985215
1094.0 0.3401066 0.65990007
1095.0 0.34005964 0.659947
1096.0 0.34001392 0.6599929
1097.0 0.33996934 0.6600374
1098.0 0.339926 0.6600806
1099.0 0.33988407 0.66012263
1100.0 0.33984354 0.6601631
1101.0 0.3398044 0.66020226
1102.0 0.33976674 0.66023993
1103.0 0.33973065 0.66027594
1104.0 0.3396962 0.66031045
1105.0 0.3396632 0.66034335
1106.0 0.339632 0.6603747
1107.0 0.33960238 0.6604042
1108.0 0.33957446 0.6604321
1109.0 0.3395482 0.6604583
1110.0 0.3395237 0.66048276
1111.0 0.33950096 0.66050553
1112.0 0.33947986 0.6605266
1113.0 0.33946058 0.66054595
1114.0 0.33944297 0.66056347
1115.0 0.3394271 0.66057944
1116.0 0.33941287 0.6605935
1117.0 0.33940035 0.66060615
1118.0 0.3393896 0.6606169
1119.0 0.33938044 0.6606262
1120.0 0.33937287 0.66063356
1121.0 0.3393669 0.6606395
1122.0 0.33936247 0.66064394
1123.0 0.33935964 0.6606469
1124.0 0.33935827 0.66064817
1125.0 0.3393584 0.6606481
1126.0 0.33935982 0.6606466
1127.0 0.33936274 0.6606437
1128.0 0.3393668 0.6606394
1129.0 0.33937228 0.660634
1130.0 0.3393789 0.66062737
1131.0 0.33938682 0.6606194
1132.0 0.3393957 0.6606105
1133.0 0.33940572 0.66060054
1134.0 0.33941674 0.6605894
1135.0 0.33942866 0.66057765
1136.0 0.33944154 0.66056466
1137.0 0.33945522 0.660551
1138.0 0.33946964 0.6605364
1139.0 0.33948487 0.66052127
1140.0 0.33950067 0.6605054
1141.0 0.33951718 0.66048914
1142.0 0.3395341 0.6604719
1143.0 0.3395515 0.6604545
1144.0 0.3395695 0.66043663
1145.0 0.33958775 0.66041833
1146.0 0.3396063 0.6603997
1147.0 0.33962512 0.6603809
1148.0 0.33964413 0.66036177
1149.0 0.33966324 0.6603427
1150.0 0.33968258 0.6603235
1151.0 0.3397018 0.66030407
1152.0 0.33972114 0.6602849
1153.0 0.3397403 0.66026545
1154.0 0.33975944 0.6602464
1155.0 0.33977845 0.6602273
1156.0 0.3397972 0.6602086
1157.0 0.33981574 0.66019017
1158.0 0.33983395 0.6601719
1159.0 0.33985186 0.6601539
1160.0 0.33986938 0.6601362
1161.0 0.33988667 0.66011906
1162.0 0.33990335 0.6601022
1163.0 0.33991957 0.66008604
1164.0 0.33993536 0.6600702
1165.0 0.33995068 0.6600549
1166.0 0.3399654 0.6600401
1167.0 0.33997953 0.66002595
1168.0 0.33999312 0.66001236
1169.0 0.34000608 0.65999943
1170.0 0.34001842 0.659987
1171.0 0.34003007 0.6599753
1172.0 0.34004113 0.65996426
1173.0 0.3400515 0.65995383
1174.0 0.3400612 0.6599442
1175.0 0.34007013 0.6599351
1176.0 0.3400785 0.6599269
1177.0 0.34008604 0.6599192
1178.0 0.34009296 0.6599123
1179.0 0.3400991 0.6599061
1180.0 0.34010464 0.6599005
1181.0 0.34010947 0.6598958
1182.0 0.34011355 0.65989155
1183.0 0.34011704 0.65988815
1184.0 0.34011975 0.6598853
1185.0 0.34012184 0.65988314
1186.0 0.34012336 0.6598817
1187.0 0.34012413 0.6598809
1188.0 0.3401243 0.6598806
1189.0 0.3401239 0.659881
1190.0 0.34012276 0.65988207
1191.0 0.3401211 0.6598837
1192.0 0.34011894 0.6598859
1193.0 0.34011617 0.6598886
1194.0 0.34011292 0.65989166
1195.0 0.34010917 0.6598954
1196.0 0.34010488 0.6598998
1197.0 0.34010014 0.65990436
1198.0 0.34009495 0.6599095
1199.0 0.34008938 0.65991515
