0.0 1.0 0.0
1.0 0.99999976 2.1001985e-09
2.0 0.9999996 8.523141e-09
3.0 0.9999994 1.945726e-08
4.0 0.99999917 3.508776e-08
5.0 0.9999989 5.559252e-08
6.0 0.9999987 8.1149956e-08
7.0 0.99999857 1.1194695e-07
8.0 0.9999984 1.4818264e-07
9.0 0.99999803 1.9006515e-07
10.0 0.99999785 2.3781149e-07
11.0 0.99999774 2.9164738e-07
12.0 0.9999974 3.5180685e-07
13.0 0.99999714 4.1853608e-07
14.0 0.9999969 4.920929e-07
15.0 0.9999966 5.727429e-07
16.0 0.9999963 6.607574e-07
17.0 0.99999607 7.56414e-07
18.0 0.9999958 8.599936e-07
19.0 0.9999956 9.717825e-07
20.0 0.99999523 1.0920753e-06
21.0 0.999995 1.2211685e-06
22.0 0.99999464 1.3593692e-06
23.0 0.9999944 1.506992e-06
24.0 0.999994 1.6643634e-06
25.0 0.9999936 1.8318248e-06
26.0 0.9999933 2.0097298e-06
27.0 0.9999929 2.1984442e-06
28.0 0.99999255 2.3983494e-06
29.0 0.99999213 2.6098508e-06
30.0 0.9999918 2.8333518e-06
31.0 0.9999914 3.0692754e-06
32.0 0.99999076 3.3180545e-06
33.0 0.99999046 3.5801313e-06
34.0 0.99999005 3.855961e-06
35.0 0.9999895 4.1460066e-06
36.0 0.9999891 4.4507374e-06
37.0 0.99998844 4.770638e-06
38.0 0.99998796 5.1062066e-06
39.0 0.9999873 5.4579587e-06
40.0 0.9999869 5.826424e-06
41.0 0.99998623 6.212157e-06
42.0 0.9999857 6.6157227e-06
43.0 0.99998504 7.037718e-06
44.0 0.99998456 7.4787504e-06
45.0 0.9999838 7.939448e-06
46.0 0.9999832 8.420462e-06
47.0 0.9999825 8.922476e-06
48.0 0.99998176 9.446152e-06
49.0 0.9999809 9.992222e-06
50.0 0.9999802 1.0561394e-05
51.0 0.99997944 1.1154396e-05
52.0 0.99997854 1.1771994e-05
53.0 0.9999777 1.2414977e-05
54.0 0.9999769 1.3084136e-05
55.0 0.9999759 1.3780291e-05
56.0 0.99997497 1.45043105e-05
57.0 0.9999742 1.5257049e-05
58.0 0.9999732 1.6039436e-05
59.0 0.9999721 1.6852391e-05
60.0 0.99997103 1.7696886e-05
61.0 0.99996996 1.8573954e-05
62.0 0.99996877 1.9484592e-05
63.0 0.99996775 2.0429858e-05
64.0 0.9999665 2.141084e-05
65.0 0.9999653 2.242865e-05
66.0 0.999964 2.3484448e-05
67.0 0.9999628 2.4579382e-05
68.0 0.9999615 2.5714657e-05
69.0 0.99996006 2.6891525e-05
70.0 0.9999587 2.8111246e-05
71.0 0.9999571 2.9375144e-05
72.0 0.9999557 3.0684543e-05
73.0 0.99995416 3.2040844e-05
74.0 0.99995255 3.3445496e-05
75.0 0.9999509 3.4899982e-05
76.0 0.9999492 3.640582e-05
77.0 0.99994755 3.7964564e-05
78.0 0.99994564 3.9577848e-05
79.0 0.99994373 4.1247342e-05
80.0 0.9999418 4.2974738e-05
81.0 0.9999398 4.4761786e-05
82.0 0.9999377 4.661032e-05
83.0 0.99993575 4.8522154e-05
84.0 0.9999336 5.049917e-05
85.0 0.99993116 5.2543346e-05
86.0 0.99992883 5.4656713e-05
87.0 0.99992645 5.6841254e-05
88.0 0.99992394 5.9099162e-05
89.0 0.99992156 6.1432635e-05
90.0 0.99991894 6.384391e-05
91.0 0.99991614 6.633526e-05
92.0 0.99991345 6.8909176e-05
93.0 0.99991053 7.1568065e-05
94.0 0.9999076 7.431441e-05
95.0 0.99990463 7.7150944e-05
96.0 0.9999016 8.008028e-05
97.0 0.9998984 8.3105115e-05
98.0 0.999895 8.622827e-05
99.0 0.9998915 8.9452704e-05
100.0 0.999888 9.2781345e-05
101.0 0.9998845 9.621728e-05
102.0 0.9998806 9.9763696e-05
103.0 0.99987674 0.000103423736
104.0 0.9998727 0.00010720079
105.0 0.99986875 0.000111098234
106.0 0.99986446 0.00011511969
107.0 0.9998601 0.00011926871
108.0 0.99985576 0.00012354909
109.0 0.99985117 0.00012796464
110.0 0.9998464 0.00013251933
111.0 0.9998414 0.0001372172
112.0 0.9998363 0.00014206249
113.0 0.9998313 0.00014705939
114.0 0.99982584 0.00015221233
115.0 0.9998204 0.00015752595
116.0 0.99981475 0.00016300465
117.0 0.9998088 0.00016865342
118.0 0.99980295 0.00017447709
119.0 0.99979675 0.00018048086
120.0 0.9997903 0.00018666976
121.0 0.9997839 0.0001930492
122.0 0.9997771 0.00019962473
123.0 0.99977016 0.00020640194
124.0 0.9997629 0.00021338664
125.0 0.9997557 0.00022058483
126.0 0.9997479 0.00022800274
127.0 0.9997401 0.0002356466
128.0 0.99973214 0.00024352282
129.0 0.99972385 0.00025163818
130.0 0.9997153 0.00025999954
131.0 0.9997066 0.00026861415
132.0 0.99969745 0.00027748907
133.0 0.99968815 0.00028663158
134.0 0.9996786 0.00029604952
135.0 0.9996687 0.00030575058
136.0 0.99965864 0.000315743
137.0 0.999648 0.00032603502
138.0 0.9996373 0.00033663536
139.0 0.9996263 0.0003475527
140.0 0.99961483 0.00035879598
141.0 0.99960315 0.00037037482
142.0 0.9995911 0.00038229843
143.0 0.9995787 0.00039457664
144.0 0.9995659 0.00040721963
145.0 0.9995526 0.0004202376
146.0 0.9995391 0.0004336416
147.0 0.9995251 0.00044744206
148.0 0.99951077 0.00046165066
149.0 0.9994961 0.00047627866
150.0 0.99948096 0.0004913376
151.0 0.9994653 0.0005068404
152.0 0.9994492 0.0005227991
153.0 0.9994327 0.00053922686
154.0 0.9994155 0.0005561371
155.0 0.999398 0.00057354325
156.0 0.99938 0.00059145904
157.0 0.9993614 0.0006098988
158.0 0.9993422 0.00062887766
159.0 0.9993225 0.0006484107
160.0 0.9993023 0.00066851353
161.0 0.9992814 0.00068920216
162.0 0.99926007 0.00071049295
163.0 0.9992379 0.000732403
164.0 0.9992152 0.0007549493
165.0 0.999192 0.0007781501
166.0 0.9991679 0.0008020238
167.0 0.99914324 0.000826589
168.0 0.99911785 0.00085186516
169.0 0.99909174 0.0008778722
170.0 0.9990648 0.0009046304
171.0 0.99903727 0.0009321615
172.0 0.9990088 0.00096048624
173.0 0.99897957 0.0009896271
174.0 0.9989492 0.0010196068
175.0 0.9989184 0.0010504487
176.0 0.9988866 0.0010821777
177.0 0.99885374 0.0011148171
178.0 0.9988201 0.0011483933
179.0 0.9987854 0.0011829322
180.0 0.99874973 0.0012184602
181.0 0.9987131 0.001255005
182.0 0.99867535 0.0012925954
183.0 0.99863666 0.0013312597
184.0 0.9985967 0.0013710284
185.0 0.9985558 0.0014119314
186.0 0.9985135 0.0014540005
187.0 0.9984702 0.0014972682
188.0 0.99842554 0.001541768
189.0 0.9983796 0.0015875334
190.0 0.9983324 0.0016345996
191.0 0.9982839 0.0016830026
192.0 0.9982339 0.0017327787
193.0 0.9981827 0.001783967
194.0 0.99812996 0.0018366063
195.0 0.9980758 0.0018907357
196.0 0.9980201 0.0019463969
197.0 0.9979627 0.002003632
198.0 0.9979038 0.002062485
199.0 0.99784315 0.0021229994
200.0 0.9977809 0.0021852213
201.0 0.9977168 0.0022491976
202.0 0.9976509 0.002314977
203.0 0.9975832 0.0023826077
204.0 0.9975136 0.0024521416
205.0 0.99744207 0.0025236304
206.0 0.99736845 0.0025971283
207.0 0.9972928 0.0026726893
208.0 0.99721503 0.0027503702
209.0 0.9971352 0.0028302302
210.0 0.99705297 0.0029123267
211.0 0.9969685 0.0029967215
212.0 0.9968817 0.0030834773
213.0 0.99679255 0.0031726595
214.0 0.99670076 0.0032643327
215.0 0.9966066 0.003358565
216.0 0.99650955 0.0034554258
217.0 0.9964098 0.0035549868
218.0 0.9963075 0.0036573214
219.0 0.99620223 0.0037625039
220.0 0.99609405 0.0038706125
221.0 0.9959828 0.003981726
222.0 0.9958687 0.0040959264
223.0 0.99575126 0.004213294
224.0 0.9956305 0.004333918
225.0 0.99550664 0.0044578845
226.0 0.9953791 0.004585284
227.0 0.9952481 0.0047162073
228.0 0.9951134 0.004850752
229.0 0.99497515 0.004989011
230.0 0.994833 0.005131088
231.0 0.99468696 0.0052770823
232.0 0.9945368 0.0054271007
233.0 0.9943826 0.005581251
234.0 0.99422413 0.0057396395
235.0 0.99406135 0.0059023844
236.0 0.993894 0.0060695987
237.0 0.99372214 0.0062414017
238.0 0.99354553 0.0064179157
239.0 0.9933642 0.006599264
240.0 0.9931779 0.006785576
241.0 0.99298656 0.006976984
242.0 0.9927897 0.0071736216
243.0 0.9925877 0.007375626
244.0 0.99238014 0.0075831385
245.0 0.992167 0.0077963043
246.0 0.9919479 0.008015272
247.0 0.991723 0.008240194
248.0 0.99149185 0.008471224
249.0 0.99125457 0.008708524
250.0 0.9910108 0.008952254
251.0 0.9907603 0.009202586
252.0 0.9905032 0.009459686
253.0 0.9902391 0.009723735
254.0 0.9899678 0.009994909
255.0 0.9896893 0.010273391
256.0 0.9894031 0.0105593745
257.0 0.9891095 0.01085305
258.0 0.98880804 0.011154614
259.0 0.9884982 0.011464268
260.0 0.9881803 0.0117822215
261.0 0.9878537 0.012108684
262.0 0.9875184 0.01244387
263.0 0.98717415 0.012788003
264.0 0.98682094 0.013141314
265.0 0.9864582 0.013504025
266.0 0.98608583 0.013876379
267.0 0.98570347 0.014258619
268.0 0.98531103 0.014650992
269.0 0.9849084 0.015053749
270.0 0.9844949 0.01546715
271.0 0.9840704 0.01589146
272.0 0.98363495 0.016326945
273.0 0.98318803 0.016773887
274.0 0.982729 0.01723257
275.0 0.9822584 0.017703269
276.0 0.9817753 0.018186294
277.0 0.9812797 0.018681936
278.0 0.980771 0.0191905
279.0 0.98024917 0.019712307
280.0 0.9797137 0.020247668
281.0 0.97916436 0.02079692
282.0 0.97860086 0.021360377
283.0 0.9780227 0.021938397
284.0 0.97742987 0.022531318
285.0 0.97682154 0.023139488
286.0 0.97619784 0.02376327
287.0 0.9755579 0.024403032
288.0 0.9749017 0.025059141
289.0 0.974229 0.025731983
290.0 0.9735389 0.026421946
291.0 0.9728313 0.02712942
292.0 0.97210574 0.027854802
293.0 0.97136205 0.028598508
294.0 0.97059953 0.02936095
295.0 0.9698179 0.030142548
296.0 0.9690165 0.03094374
297.0 0.96819544 0.031764954
298.0 0.9673536 0.03260663
299.0 0.96649104 0.03346923
300.0 0.96560705 0.034353208
301.0 0.9647011 0.035259023
302.0 0.96377313 0.036187153
303.0 0.96282196 0.037138082
304.0 0.9618478 0.038112286
305.0 0.9608497 0.039110266
306.0 0.9598274 0.040132526
307.0 0.9587804 0.041179556
308.0 0.957708 0.042251874
309.0 0.9566099 0.043350004
310.0 0.95548534 0.044474468
311.0 0.95433414 0.04562581
312.0 0.9531553 0.046804547
313.0 0.9519485 0.048011243
314.0 0.9507133 0.049246438
315.0 0.94944906 0.05051069
316.0 0.9481553 0.051804543
317.0 0.946831 0.05312859
318.0 0.9454762 0.054483384
319.0 0.9440901 0.055869512
320.0 0.942672 0.057287544
321.0 0.94122154 0.05873806
322.0 0.939738 0.060221657
323.0 0.9382206 0.06173892
324.0 0.93666905 0.06329045
325.0 0.9350827 0.064876825
326.0 0.9334608 0.06649865
327.0 0.93180275 0.06815654
328.0 0.9301082 0.06985109
329.0 0.92837644 0.07158288
330.0 0.92660683 0.073352545
331.0 0.9247987 0.07516068
332.0 0.92295146 0.07700786
333.0 0.9210645 0.07889472
334.0 0.9191376 0.08082186
335.0 0.9171695 0.08278982
336.0 0.91516006 0.084799275
337.0 0.91310847 0.08685077
338.0 0.9110143 0.08894488
339.0 0.908877 0.09108222
340.0 0.90669584 0.09326336
341.0 0.9044704 0.09548883
342.0 0.90219986 0.09775925
343.0 0.8998841 0.100075126
344.0 0.897522 0.10243702
345.0 0.89511347 0.104845464
346.0 0.8926579 0.107301
347.0 0.8901547 0.10980411
348.0 0.88760376 0.11235531
349.0 0.8850038 0.114955075
350.0 0.882355 0.1176039
351.0 0.8796565 0.120302245
352.0 0.8769083 0.12305051
353.0 0.8741096 0.12584917
354.0 0.8712602 0.1286986
355.0 0.8683597 0.13159919
356.0 0.86540747 0.13455132
357.0 0.8624034 0.13755533
358.0 0.8593472 0.14061148
359.0 0.8562385 0.14372015
360.0 0.85307705 0.14688155
361.0 0.8498626 0.150096
362.0 0.8465949 0.15336365
363.0 0.8432739 0.1566847
364.0 0.8398993 0.16005927
365.0 0.83647096 0.16348758
366.0 0.83298886 0.16696966
367.0 0.82945275 0.17050555
368.0 0.82586306 0.17409536
369.0 0.8222194 0.177739
370.0 0.8185219 0.18143645
371.0 0.8147707 0.18518762
372.0 0.8109661 0.18899241
373.0 0.8071076 0.19285056
374.0 0.80319643 0.19676194
375.0 0.799232 0.2007263
376.0 0.79521495 0.2047433
377.0 0.7911457 0.2088126
378.0 0.7870243 0.21293382
379.0 0.78285164 0.21710654
380.0 0.7786279 0.22133029
381.0 0.77435374 0.22560441
382.0 0.7700297 0.2299284
383.0 0.7656566 0.23430163
384.0 0.76123476 0.23872334
385.0 0.7567654 0.24319282
386.0 0.7522488 0.24770927
387.0 0.74768645 0.25227183
388.0 0.74307853 0.2568796
389.0 0.7384267 0.26153153
390.0 0.73373157 0.26622665
391.0 0.72899437 0.27096388
392.0 0.7242162 0.27574205
393.0 0.71939826 0.2805599
394.0 0.71454203 0.28541625
395.0 0.7096485 0.2903097
396.0 0.7047193 0.29523885
397.0 0.69975585 0.30020243
398.0 0.6947595 0.30519867
399.0 0.6897319 0.3102263
400.0 0.68467474 0.31528342
401.0 0.67958975 0.32036847
402.0 0.6744786 0.32547975
403.0 0.6693429 0.3306153
404.0 0.66418475 0.33577347
405.0 0.659006 0.34095216
406.0 0.6538086 0.34614956
407.0 0.6485946 0.35136354
408.0 0.6433662 0.35659203
409.0 0.63812524 0.3618329
410.0 0.6328742 0.367084
411.0 0.62761515 0.37234306
412.0 0.62235034 0.37760782
413.0 0.61708224 0.38287592
414.0 0.61181307 0.38814503
415.0 0.6065454 0.3934127
416.0 0.60128176 0.39867643
417.0 0.5960243 0.4039338
418.0 0.59077597 0.40918225
419.0 0.585539 0.41441923
420.0 0.5803161 0.41964203
421.0 0.5751101 0.42484814
422.0 0.5699233 0.43003488
423.0 0.56475866 0.43519944
424.0 0.55961895 0.44033927
425.0 0.55450666 0.4454516
426.0 0.5494245 0.45053357
427.0 0.5443755 0.45558274
428.0 0.5393623 0.46059608
429.0 0.53438735 0.46557087
430.0 0.5294539 0.4705044
431.0 0.5245644 0.4753939
432.0 0.51972175 0.48023665
433.0 0.51492846 0.4850297
434.0 0.51018775 0.4897706
435.0 0.50550175 0.49445644
436.0 0.5008737 0.4990846
437.0 0.49630588 0.5036523
438.0 0.49180114 0.508157
439.0 0.4873621 0.51259613
440.0 0.48299122 0.5169671
441.0 0.47869104 0.52126724
442.0 0.47446415 0.5254941
443.0 0.4703129 0.5296453
444.0 0.46623984 0.53371847
445.0 0.46224713 0.53771114
446.0 0.4583372 0.5416211
447.0 0.45451212 0.5454462
448.0 0.45077413 0.5491841
449.0 0.44712538 0.55283296
450.0 0.44356766 0.55639076
451.0 0.4401031 0.559855
452.0 0.43673345 0.5632248
453.0 0.43346047 0.5664979
454.0 0.43028593 0.56967247
455.0 0.42721123 0.57274705
456.0 0.42423803 0.5757202
457.0 0.4213677 0.57859063
458.0 0.41860145 0.58135676
459.0 0.41594052 0.5840178
460.0 0.41338614 0.5865721
461.0 0.41093898 0.58901936
462.0 0.4086001 0.59135807
463.0 0.40637028 0.5935881
464.0 0.40425014 0.59570813
465.0 0.40224022 0.59771824
466.0 0.40034086 0.5996174
467.0 0.3985526 0.60140574
468.0 0.39687532 0.603083
469.0 0.39530927 0.6046492
470.0 0.3938543 0.606104
471.0 0.3925103 0.607448
472.0 0.39127707 0.60868126
473.0 0.39015415 0.6098042
474.0 0.38914096 0.6108174
475.0 0.3882369 0.61172163
476.0 0.38744116 0.61251736
477.0 0.386753 0.6132056
478.0 0.38617134 0.6137872
479.0 0.38569498 0.6142636
480.0 0.38532293 0.6146356
481.0 0.38505378 0.61490464
482.0 0.38488603 0.6150725
483.0 0.38481832 0.6151402
484.0 0.38484883 0.6151098
485.0 0.38497585 0.6149828
486.0 0.38519773 0.6147609
487.0 0.3855124 0.6144463
488.0 0.38591778 0.6140408
489.0 0.38641196 0.6135466
490.0 0.38699263 0.61296606
491.0 0.38765764 0.612301
492.0 0.38840455 0.6115541
493.0 0.38923097 0.61072767
494.0 0.39013448 0.60982424
495.0 0.39111254 0.6088463
496.0 0.39216247 0.6077964
497.0 0.39328164 0.6066772
498.0 0.39446747 0.60549134
499.0 0.3957172 0.6042417
500.0 0.3970279 0.6029309
501.0 0.39839697 0.6015619
502.0 0.3998213 0.6001376
503.0 0.40129828 0.5986606
504.0 0.40282503 0.5971339
505.0 0.40439838 0.59556055
506.0 0.4060157 0.5939431
507.0 0.40767395 0.59228504
508.0 0.4093702 0.5905888
509.0 0.41110158 0.58885753
510.0 0.4128651 0.587094
511.0 0.41465807 0.58530116
512.0 0.4164774 0.58348185
513.0 0.4183203 0.5816389
514.0 0.42018408 0.5797751
515.0 0.4220658 0.57789344
516.0 0.42396283 0.57599646
517.0 0.42587227 0.5740869
518.0 0.42779177 0.5721675
519.0 0.42971843 0.570241
520.0 0.4316498 0.56830955
521.0 0.43358326 0.5663763
522.0 0.43551645 0.56444305
523.0 0.4374469 0.56251264
524.0 0.43937248 0.560587
525.0 0.44129068 0.5586689
526.0 0.44319943 0.5567602
527.0 0.4450966 0.5548631
528.0 0.4469801 0.5529797
529.0 0.44884798 0.55111164
530.0 0.45069838 0.54926133
531.0 0.45252946 0.5474303
532.0 0.45433953 0.5456202
533.0 0.45612687 0.54383296
534.0 0.45789 0.54206985
535.0 0.4596273 0.5403325
536.0 0.46133757 0.5386224
537.0 0.46301928 0.5369406
538.0 0.4646714 0.5352885
539.0 0.4662927 0.5336672
540.0 0.4678822 0.5320777
541.0 0.46943882 0.5305213
542.0 0.47096172 0.5289984
543.0 0.4724501 0.5275099
544.0 0.47390324 0.5260569
545.0 0.47532052 0.5246397
546.0 0.47670135 0.52325886
547.0 0.4780452 0.521915
548.0 0.47935188 0.52060854
549.0 0.4806209 0.5193394
550.0 0.481852 0.51810825
551.0 0.48304516 0.5169153
552.0 0.48420006 0.5157603
553.0 0.4853169 0.51464367
554.0 0.4863955 0.51356494
555.0 0.48743612 0.51252455
556.0 0.48843876 0.51152194
557.0 0.48940364 0.5105569
558.0 0.49033132 0.50962925
559.0 0.49122176 0.50873893
560.0 0.4920755 0.5078852
561.0 0.49289298 0.5070678
562.0 0.49367458 0.50628626
563.0 0.4944209 0.5055399
564.0 0.49513242 0.50482833
565.0 0.49580985 0.50415105
566.0 0.49645376 0.503507
567.0 0.49706477 0.5028963
568.0 0.4976437 0.50231737
569.0 0.49819106 0.50177
570.0 0.4987079 0.50125325
571.0 0.49919468 0.50076646
572.0 0.49965248 0.50030875
573.0 0.5000819 0.49987936
574.0 0.5004838 0.4994774
575.0 0.50085926 0.49910206
576.0 0.5012088 0.49875247
577.0 0.5015333 0.498428
578.0 0.5018339 0.4981274
579.0 0.50211114 0.49785024
580.0 0.502366 0.49759546
581.0 0.50259936 0.49736217
582.0 0.5028119 0.49714965
583.0 0.50300467 0.49695703
584.0 0.50317824 0.49678338
585.0 0.5033337 0.49662793
586.0 0.50347173 0.49648994
587.0 0.50359315 0.49636844
588.0 0.50369895 0.4962627
589.0 0.5037898 0.49617183
590.0 0.5038668 0.49609506
591.0 0.5039304 0.49603146
592.0 0.5039816 0.4959803
593.0 0.50402105 0.49594086
594.0 0.50404954 0.49591243
595.0 0.5040678 0.49589416
596.0 0.5040764 0.4958855
597.0 0.50407624 0.49588573
598.0 0.5040676 0.4958945
599.0 0.5040512 0.49591085
600.0 0.5040275 0.4959346
601.0 0.50399697 0.49596512
602.0 0.5039601 0.49600196
603.0 0.50391734 0.49604473
604.0 0.5038692 0.49609286
605.0 0.50381625 0.4961458
606.0 0.50375885 0.49620324
607.0 0.5036976 0.49626452
608.0 0.5036329 0.49632925
609.0 0.5035653 0.49639675
610.0 0.50349545 0.4964667
611.0 0.50342375 0.49653828
612.0 0.50335073 0.49661142
613.0 0.5032767 0.49668545
614.0 0.50320184 0.49676013
615.0 0.50312686 0.49683517
616.0 0.5030519 0.49691027
617.0 0.5029768 0.49698535
618.0 0.50290173 0.4970603
619.0 0.5028269 0.49713516
620.0 0.50275224 0.4972098
621.0 0.50267786 0.4972843
622.0 0.50260365 0.49735862
623.0 0.50252956 0.49743262
624.0 0.5024558 0.49750632
625.0 0.5023826 0.49757951
626.0 0.5023099 0.49765223
627.0 0.5022381 0.49772406
628.0 0.50216746 0.4977947
629.0 0.50209814 0.497864
630.0 0.50203055 0.49793154
631.0 0.5019649 0.4979972
632.0 0.5019014 0.4980607
633.0 0.50184 0.49812213
634.0 0.50178087 0.49818113
635.0 0.5017241 0.4982379
636.0 0.5016695 0.4982925
637.0 0.50161695 0.49834502
638.0 0.50156647 0.49839565
639.0 0.5015176 0.4984444
640.0 0.50147045 0.49849164
641.0 0.50142455 0.49853748
642.0 0.50138015 0.49858186
643.0 0.5013368 0.49862507
644.0 0.5012949 0.4986669
645.0 0.50125444 0.49870747
646.0 0.5012152 0.4987467
647.0 0.50117755 0.4987843
648.0 0.5011416 0.49882025
649.0 0.5011072 0.4988547
650.0 0.50107443 0.49888742
651.0 0.50104344 0.4989184
652.0 0.50101393 0.4989479
653.0 0.5009859 0.4989758
654.0 0.5009593 0.4990025
655.0 0.50093377 0.49902797
656.0 0.5009094 0.4990524
657.0 0.5008858 0.49907586
658.0 0.500863 0.4990987
659.0 0.50084096 0.49912065
660.0 0.5008196 0.49914205
661.0 0.5007991 0.49916258
662.0 0.50077933 0.49918237
663.0 0.50076044 0.49920112
664.0 0.5007426 0.4992189
665.0 0.5007259 0.49923575
666.0 0.50071025 0.4992514
667.0 0.50069577 0.4992658
668.0 0.50068235 0.49927932
669.0 0.5006699 0.49929163
670.0 0.5006583 0.49930322
671.0 0.5006474 0.49931413
672.0 0.50063705 0.4993245
673.0 0.5006273 0.49933428
674.0 0.50061774 0.4993438
675.0 0.5006082 0.49935314
676.0 0.50059915 0.4993624
677.0 0.5005901 0.49937135
678.0 0.5005814 0.49937993
679.0 0.5005729 0.49938837
680.0 0.500565 0.49939626
681.0 0.50055754 0.49940377
682.0 0.50055075 0.49941057
683.0 0.5005443 0.49941695
684.0 0.5005386 0.4994226
685.0 0.50053316 0.4994278
686.0 0.50052845 0.49943268
687.0 0.5005238 0.49943733
688.0 0.5005193 0.49944174
689.0 0.50051486 0.49944618
690.0 0.50051033 0.4994508
691.0 0.5005057 0.49945533
692.0 0.50050086 0.4994601
693.0 0.5004959 0.49946505
694.0 0.5004909 0.4994699
695.0 0.50048614 0.49947476
696.0 0.5004815 0.49947947
697.0 0.5004771 0.4994837
698.0 0.500473 0.4994877
699.0 0.50046945 0.49949133
700.0 0.50046647 0.49949434
701.0 0.5004635 0.49949723
702.0 0.50046086 0.49949986
703.0 0.5004586 0.4995022
704.0 0.5004561 0.49950463
705.0 0.5004536 0.49950713
706.0 0.50045085 0.49950987
707.0 0.50044787 0.49951273
708.0 0.50044477 0.4995158
709.0 0.50044143 0.49951917
710.0 0.50043803 0.49952263
711.0 0.5004345 0.49952596
712.0 0.50043124 0.49952924
713.0 0.5004282 0.49953228
714.0 0.50042534 0.49953502
715.0 0.50042284 0.49953747
716.0 0.5004207 0.4995395
717.0 0.500419 0.49954134
718.0 0.5004175 0.4995429
719.0 0.5004159 0.49954432
720.0 0.5004145 0.49954575
721.0 0.5004128 0.49954736
722.0 0.5004109 0.4995491
723.0 0.5004089 0.49955124
724.0 0.5004066 0.4995535
725.0 0.50040406 0.4995561
726.0 0.50040126 0.49955875
727.0 0.5003985 0.49956143
728.0 0.50039583 0.49956405
729.0 0.5003935 0.49956644
730.0 0.50039124 0.4995686
731.0 0.5003893 0.49957037
732.0 0.5003878 0.49957198
733.0 0.5003865 0.49957317
734.0 0.50038534 0.49957418
735.0 0.50038445 0.49957514
736.0 0.5003834 0.49957615
737.0 0.5003821 0.49957722
738.0 0.50038075 0.4995787
739.0 0.50037915 0.49958032
740.0 0.5003772 0.49958208
741.0 0.500375 0.49958423
742.0 0.50037277 0.49958652
743.0 0.5003704 0.4995888
744.0 0.5003682 0.499591
745.0 0.5003661 0.49959305
746.0 0.50036436 0.4995948
747.0 0.500363 0.49959627
748.0 0.50036156 0.4995973
749.0 0.50036067 0.49959838
750.0 0.5003598 0.4995991
751.0 0.50035906 0.4995998
752.0 0.50035834 0.49960047
753.0 0.5003575 0.49960136
754.0 0.5003562 0.49960253
755.0 0.50035477 0.4996038
756.0 0.5003531 0.4996055
757.0 0.5003513 0.49960732
758.0 0.5003494 0.49960923
759.0 0.5003474 0.49961114
760.0 0.50034547 0.49961293
761.0 0.5003439 0.49961463
762.0 0.50034225 0.4996161
763.0 0.5003412 0.49961722
764.0 0.50034016 0.49961817
765.0 0.5003395 0.49961883
766.0 0.5003388 0.49961936
767.0 0.50033826 0.49961984
768.0 0.50033754 0.4996206
769.0 0.5003369 0.49962115
770.0 0.5003357 0.49962226
771.0 0.5003345 0.49962342
772.0 0.50033295 0.49962494
773.0 0.5003313 0.49962652
774.0 0.5003295 0.49962822
775.0 0.5003278 0.49962988
776.0 0.5003263 0.49963138
777.0 0.5003249 0.49963278
778.0 0.5003238 0.49963376
779.0 0.50032294 0.49963462
780.0 0.5003223 0.49963522
781.0 0.5003216 0.4996357
782.0 0.5003214 0.499636
783.0 0.5003209 0.49963635
784.0 0.5003204 0.49963695
785.0 0.5003196 0.4996376
786.0 0.5003189 0.49963856
787.0 0.5003175 0.4996397
788.0 0.5003161 0.49964112
789.0 0.50031453 0.49964255
790.0 0.5003129 0.4996441
791.0 0.5003114 0.49964562
792.0 0.50031006 0.4996469
793.0 0.5003089 0.49964812
794.0 0.500308 0.499649
795.0 0.5003073 0.4996495
796.0 0.50030696 0.49964994
797.0 0.5003066 0.49965015
798.0 0.5003064 0.4996502
799.0 0.5003061 0.49965042
800.0 0.5003059 0.4996509
801.0 0.5003053 0.49965143
802.0 0.50030434 0.4996522
803.0 0.50030327 0.49965334
804.0 0.50030184 0.4996546
805.0 0.5003003 0.49965605
806.0 0.50029886 0.4996575
807.0 0.50029737 0.499659
808.0 0.5002962 0.49966013
809.0 0.50029516 0.4996612
810.0 0.50029445 0.49966186
811.0 0.50029397 0.49966222
812.0 0.5002936 0.49966246
813.0 0.5002936 0.49966258
814.0 0.50029343 0.4996626
815.0 0.5002933 0.4996627
816.0 0.500293 0.49966288
817.0 0.5002924 0.4996634
818.0 0.50029176 0.49966413
819.0 0.50029063 0.4996652
820.0 0.50028944 0.4996664
821.0 0.500288 0.4996678
822.0 0.50028664 0.49966913
823.0 0.5002853 0.49967045
824.0 0.50028425 0.49967152
825.0 0.50028336 0.4996724
826.0 0.5002829 0.49967295
827.0 0.50028247 0.49967325
828.0 0.5002824 0.49967337
829.0 0.50028235 0.49967328
830.0 0.5002824 0.49967325
831.0 0.5002823 0.49967328
832.0 0.50028193 0.4996736
833.0 0.50028145 0.49967393
834.0 0.5002806 0.49967468
835.0 0.50027966 0.4996757
836.0 0.5002786 0.49967688
837.0 0.50027716 0.4996782
838.0 0.50027597 0.49967933
839.0 0.5002748 0.49968046
840.0 0.50027376 0.4996814
841.0 0.5002731 0.49968207
842.0 0.50027263 0.49968255
843.0 0.5002724 0.49968272
844.0 0.5002724 0.49968266
845.0 0.5002725 0.49968255
846.0 0.50027263 0.49968237
847.0 0.5002725 0.49968252
848.0 0.50027233 0.49968266
849.0 0.50027174 0.4996831
850.0 0.500271 0.49968383
851.0 0.5002701 0.4996849
852.0 0.50026876 0.49968594
853.0 0.5002676 0.49968717
854.0 0.50026643 0.4996883
855.0 0.50026536 0.49968928
856.0 0.5002645 0.49969006
857.0 0.500264 0.49969065
858.0 0.5002636 0.49969095
859.0 0.5002635 0.499691
860.0 0.5002637 0.49969098
861.0 0.5002638 0.49969074
862.0 0.5002639 0.49969047
863.0 0.5002639 0.4996905
864.0 0.5002636 0.49969074
865.0 0.5002632 0.4996912
866.0 0.50026244 0.49969196
867.0 0.50026155 0.49969292
868.0 0.5002603 0.49969402
869.0 0.50025916 0.4996951
870.0 0.5002581 0.4996963
871.0 0.50025713 0.49969718
872.0 0.5002564 0.49969783
873.0 0.50025594 0.49969828
874.0 0.5002559 0.4996984
875.0 0.5002559 0.4996984
876.0 0.50025594 0.4996982
877.0 0.50025624 0.4996979
878.0 0.5002564 0.49969786
879.0 0.50025636 0.49969786
880.0 0.5002562 0.49969804
881.0 0.5002556 0.49969858
882.0 0.50025487 0.49969912
883.0 0.500254 0.4997002
884.0 0.50025284 0.49970108
885.0 0.50025165 0.49970216
886.0 0.5002507 0.4997032
887.0 0.50024986 0.49970403
888.0 0.50024927 0.49970457
889.0 0.5002489 0.49970496
890.0 0.5002489 0.49970496
891.0 0.5002489 0.4997049
892.0 0.50024915 0.4997046
893.0 0.5002494 0.49970436
894.0 0.50024956 0.49970418
895.0 0.50024945 0.4997043
896.0 0.50024927 0.49970442
897.0 0.5002487 0.49970493
898.0 0.500248 0.49970558
899.0 0.50024694 0.49970654
900.0 0.5002459 0.49970755
901.0 0.500245 0.49970856
902.0 0.500244 0.4997094
903.0 0.50024337 0.49971014
904.0 0.5002428 0.49971056
905.0 0.50024265 0.4997107
906.0 0.50024253 0.4997107
907.0 0.5002427 0.49971056
908.0 0.50024295 0.49971023
909.0 0.50024325 0.49970996
910.0 0.50024354 0.49970987
911.0 0.5002434 0.49970984
912.0 0.50024307 0.49971017
913.0 0.5002426 0.4997107
914.0 0.50024164 0.49971142
915.0 0.5002408 0.49971235
916.0 0.5002398 0.49971333
917.0 0.50023896 0.49971423
918.0 0.5002382 0.4997151
919.0 0.5002375 0.49971566
920.0 0.5002372 0.49971595
921.0 0.5002371 0.49971592
922.0 0.5002372 0.49971586
923.0 0.50023735 0.49971563
924.0 0.5002378 0.4997153
925.0 0.500238 0.49971515
926.0 0.50023806 0.49971488
927.0 0.50023806 0.4997151
928.0 0.50023764 0.4997154
929.0 0.500237 0.499716
930.0 0.5002362 0.49971682
931.0 0.50023544 0.49971765
932.0 0.5002344 0.4997186
933.0 0.50023353 0.4997195
934.0 0.50023293 0.49972022
935.0 0.50023246 0.4997206
936.0 0.5002321 0.49972087
937.0 0.5002321 0.4997209
938.0 0.5002324 0.49972054
939.0 0.5002327 0.49972028
940.0 0.50023305 0.49971998
941.0 0.5002333 0.49971968
942.0 0.50023335 0.49971956
943.0 0.5002332 0.49971968
944.0 0.5002329 0.4997201
945.0 0.5002321 0.49972075
946.0 0.5002314 0.49972147
947.0 0.50023043 0.49972236
948.0 0.5002295 0.49972326
949.0 0.50022876 0.499724
950.0 0.50022805 0.49972475
951.0 0.50022775 0.499725
952.0 0.5002276 0.49972516
953.0 0.5002278 0.49972504
954.0 0.5002279 0.49972478
955.0 0.50022846 0.49972442
956.0 0.50022864 0.49972403
957.0 0.50022906 0.4997238
958.0 0.500229 0.49972376
959.0 0.5002289 0.49972385
960.0 0.50022846 0.49972433
961.0 0.50022775 0.49972495
962.0 0.50022686 0.49972582
963.0 0.500226 0.49972668
964.0 0.50022525 0.49972755
965.0 0.50022435 0.49972826
966.0 0.50022393 0.4997288
967.0 0.50022364 0.49972904
968.0 0.5002236 0.4997291
969.0 0.5002238 0.4997289
970.0 0.5002241 0.49972862
971.0 0.5002244 0.49972814
972.0 0.5002248 0.49972782
973.0 0.500225 0.49972737
974.0 0.50022507 0.4997274
975.0 0.5002248 0.49972767
976.0 0.5002245 0.4997282
977.0 0.5002237 0.4997288
978.0 0.5002229 0.4997297
979.0 0.500222 0.4997306
980.0 0.5002212 0.4997313
981.0 0.50022054 0.49973193
982.0 0.50022006 0.49973243
983.0 0.5002198 0.4997326
984.0 0.50021994 0.49973255
985.0 0.5002203 0.49973232
986.0 0.50022054 0.49973187
987.0 0.500221 0.49973142
988.0 0.5002214 0.4997311
989.0 0.50022155 0.49973097
990.0 0.5002215 0.49973089
991.0 0.50022125 0.49973124
992.0 0.5002208 0.49973178
993.0 0.50022006 0.49973243
994.0 0.5002192 0.49973333
995.0 0.50021845 0.4997341
996.0 0.5002177 0.49973482
997.0 0.50021714 0.49973541
998.0 0.5002166 0.49973577
999.0 0.50021666 0.49973592
1000.0 0.50021684 0.49973577
1001.0 0.5002171 0.49973541
1002.0 0.5002175 0.4997351
1003.0 0.50021803 0.49973458
1004.0 0.50021833 0.49973434
1005.0 0.5002185 0.49973404
1006.0 0.5002184 0.4997341
1007.0 0.5002182 0.49973446
1008.0 0.50021756 0.499735
1009.0 0.50021684 0.4997357
1010.0 0.50021607 0.49973658
1011.0 0.5002153 0.49973747
1012.0 0.5002146 0.4997381
1013.0 0.50021404 0.49973857
1014.0 0.5002138 0.49973887
1015.0 0.50021374 0.49973887
1016.0 0.500214 0.49973863
1017.0 0.50021434 0.49973828
1018.0 0.5002148 0.49973786
1019.0 0.50021535 0.49973732
1020.0 0.5002156 0.49973708
1021.0 0.50021565 0.4997369
1022.0 0.50021565 0.49973708
1023.0 0.50021523 0.49973756
1024.0 0.5002146 0.49973816
1025.0 0.50021386 0.49973884
1026.0 0.500213 0.4997397
1027.0 0.50021225 0.49974036
1028.0 0.50021166 0.49974105
1029.0 0.50021124 0.4997415
1030.0 0.5002111 0.4997417
1031.0 0.50021124 0.4997416
1032.0 0.50021154 0.49974132
1033.0 0.50021195 0.49974087
1034.0 0.5002125 0.49974033
1035.0 0.50021285 0.49973994
1036.0 0.50021315 0.49973977
1037.0 0.50021327 0.4997397
1038.0 0.500213 0.49973983
1039.0 0.50021267 0.49974033
1040.0 0.50021195 0.49974102
1041.0 0.50021136 0.49974173
1042.0 0.5002104 0.49974263
1043.0 0.5002098 0.49974328
1044.0 0.5002092 0.49974376
1045.0 0.5002089 0.4997441
1046.0 0.50020885 0.4997442
1047.0 0.500209 0.49974406
1048.0 0.5002094 0.4997437
1049.0 0.50020975 0.49974322
1050.0 0.50021034 0.49974275
1051.0 0.5002107 0.49974233
1052.0 0.50021094 0.49974212
1053.0 0.5002109 0.49974215
1054.0 0.50021064 0.4997424
1055.0 0.5002103 0.4997429
1056.0 0.50020957 0.49974358
1057.0 0.50020885 0.49974436
1058.0 0.500208 0.4997451
1059.0 0.5002074 0.4997457
1060.0 0.50020695 0.49974614
1061.0 0.5002067 0.49974647
1062.0 0.5002068 0.4997464
1063.0 0.5002071 0.49974605
1064.0 0.50020736 0.49974585
1065.0 0.50020784 0.4997453
1066.0 0.5002085 0.4997447
1067.0 0.5002088 0.4997444
1068.0 0.500209 0.4997442
1069.0 0.50020885 0.4997443
1070.0 0.5002087 0.49974462
1071.0 0.500208 0.49974513
1072.0 0.5002074 0.4997458
1073.0 0.5002067 0.49974662
1074.0 0.500206 0.49974734
1075.0 0.5002054 0.49974787
1076.0 0.5002051 0.49974823
1077.0 0.5002051 0.49974838
1078.0 0.50020516 0.49974823
1079.0 0.5002056 0.49974787
1080.0 0.500206 0.49974737
1081.0 0.5002066 0.4997468
1082.0 0.50020707 0.49974638
1083.0 0.5002075 0.49974602
1084.0 0.5002075 0.49974594
1085.0 0.5002074 0.49974608
1086.0 0.50020695 0.49974653
1087.0 0.5002064 0.4997471
1088.0 0.5002057 0.4997478
1089.0 0.50020504 0.4997485
1090.0 0.50020444 0.49974912
1091.0 0.50020397 0.4997496
1092.0 0.50020385 0.49974975
1093.0 0.50020397 0.49974978
1094.0 0.5002042 0.49974948
1095.0 0.5002047 0.49974903
1096.0 0.5002053 0.49974853
1097.0 0.50020576 0.49974805
1098.0 0.50020623 0.49974757
1099.0 0.50020635 0.49974737
1100.0 0.5002065 0.49974728
1101.0 0.50020635 0.49974746
1102.0 0.50020605 0.4997478
1103.0 0.5002055 0.49974844
1104.0 0.5002049 0.49974903
1105.0 0.5002043 0.49974963
1106.0 0.50020385 0.49975014
1107.0 0.50020367 0.49975032
1108.0 0.5002036 0.49975038
1109.0 0.5002037 0.49975026
1110.0 0.5002041 0.4997498
1111.0 0.50020456 0.49974942
1112.0 0.5002053 0.49974886
1113.0 0.50020576 0.4997484
1114.0 0.5002062 0.4997479
1115.0 0.5002065 0.4997476
1116.0 0.5002065 0.49974748
1117.0 0.50020623 0.49974772
1118.0 0.5002061 0.49974796
1119.0 0.5002057 0.49974838
1120.0 0.50020516 0.49974877
1121.0 0.50020486 0.49974915
1122.0 0.5002046 0.49974945
1123.0 0.50020456 0.49974954
1124.0 0.50020474 0.49974945
1125.0 0.500205 0.49974912
1126.0 0.5002054 0.49974865
1127.0 0.50020605 0.49974805
1128.0 0.50020665 0.49974748
1129.0 0.5002072 0.49974692
1130.0 0.5002077 0.49974662
1131.0 0.50020814 0.49974614
1132.0 0.50020826 0.49974585
1133.0 0.5002083 0.49974597
1134.0 0.50020814 0.499746
1135.0 0.5002081 0.4997462
1136.0 0.500208 0.49974632
1137.0 0.5002079 0.4997466
1138.0 0.5002078 0.4997466
1139.0 0.500208 0.49974656
1140.0 0.50020814 0.49974632
1141.0 0.5002085 0.49974582
1142.0 0.5002091 0.49974534
1143.0 0.5002099 0.4997447
1144.0 0.5002105 0.49974403
1145.0 0.50021124 0.49974334
1146.0 0.50021195 0.49974275
1147.0 0.50021255 0.49974218
1148.0 0.500213 0.49974173
1149.0 0.50021327 0.49974138
1150.0 0.5002136 0.4997412
1151.0 0.50021374 0.499741
1152.0 0.500214 0.49974084
1153.0 0.5002142 0.4997407
1154.0 0.5002143 0.49974054
1155.0 0.50021464 0.49974024
1156.0 0.50021505 0.49973986
1157.0 0.50021553 0.49973932
1158.0 0.50021625 0.4997387
1159.0 0.500217 0.49973783
1160.0 0.500218 0.49973696
1161.0 0.50021887 0.4997362
1162.0 0.5002198 0.49973524
1163.0 0.50022054 0.4997345
1164.0 0.50022125 0.49973363
1165.0 0.5002221 0.49973288
1166.0 0.50022286 0.4997322
1167.0 0.5002235 0.49973166
1168.0 0.50022405 0.49973106
1169.0 0.5002246 0.49973062
1170.0 0.50022507 0.49973008
1171.0 0.5002256 0.49972963
1172.0 0.5002262 0.49972916
1173.0 0.50022686 0.49972847
1174.0 0.5002277 0.49972767
1175.0 0.5002286 0.4997267
1176.0 0.50022954 0.4997258
1177.0 0.5002307 0.4997247
1178.0 0.500232 0.49972346
1179.0 0.5002332 0.49972236
1180.0 0.5002343 0.49972117
1181.0 0.50023556 0.49971986
1182.0 0.50023663 0.49971882
1183.0 0.5002377 0.4997178
1184.0 0.50023866 0.49971685
1185.0 0.5002397 0.4997159
1186.0 0.50024045 0.49971503
1187.0 0.5002412 0.49971431
1188.0 0.5002421 0.49971354
1189.0 0.5002428 0.4997127
1190.0 0.5002438 0.49971184
1191.0 0.50024474 0.4997108
1192.0 0.50024587 0.49970967
1193.0 0.5002471 0.4997084
1194.0 0.50024855 0.49970707
1195.0 0.50025004 0.49970558
1196.0 0.50025153 0.49970406
1197.0 0.50025314 0.49970248
1198.0 0.5002547 0.49970084
1199.0 0.5002562 0.4996993
